time,x,y
0.011699676513672,5.397577285766602,1.684594631195068
0.034070968627930,5.396755218505859,1.683648824691772
0.078973770141602,5.395506858825684,1.683460354804993
0.100406646728516,5.395506858825684,1.683460354804993
0.111978530883789,5.395506858825684,1.683460354804993
0.127639770507812,5.395506858825684,1.683460354804993
0.143245697021484,5.394794464111328,1.683277368545532
0.170524597167969,5.394794464111328,1.683277368545532
0.186122894287109,5.394794464111328,1.683277368545532
0.201772689819336,5.396700859069824,1.697003602981567
0.233020782470703,5.396700859069824,1.697003602981567
0.248647689819336,5.396700859069824,1.697003602981567
0.270839691162109,5.398818969726562,1.713753342628479
0.286451339721680,5.398818969726562,1.713753342628479
0.302076339721680,5.398818969726562,1.713753342628479
0.317689895629883,5.398818969726562,1.713753342628479
0.333343505859375,5.393113613128662,1.718768954277039
0.348966598510742,5.393113613128662,1.718768954277039
0.371183395385742,5.393113613128662,1.718768954277039
0.386760711669922,5.393113613128662,1.718768954277039
0.402431488037109,5.390512466430664,1.721085906028748
0.433635711669922,5.390512466430664,1.721085906028748
0.449302673339844,5.390512466430664,1.721085906028748
0.471496582031250,5.385674476623535,1.719060420989990
0.487119674682617,5.385674476623535,1.719060420989990
0.502742767333984,5.385674476623535,1.719060420989990
0.518365859985352,5.385674476623535,1.719060420989990
0.533935546875000,5.380830764770508,1.717021346092224
0.549613952636719,5.380830764770508,1.717021346092224
0.571836471557617,5.380830764770508,1.717021346092224
0.587461471557617,5.380830764770508,1.717021346092224
0.603029251098633,5.370965480804443,1.714083433151245
0.638765335083008,5.370965480804443,1.714083433151245
0.652082443237305,5.370965480804443,1.714083433151245
0.667705535888672,5.370965480804443,1.714083433151245
0.683620452880859,5.358777999877930,1.707848906517029
0.698574066162109,5.358777999877930,1.707848906517029
0.715066909790039,5.358777999877930,1.707848906517029
0.732105255126953,5.358777999877930,1.707848906517029
0.748741149902344,5.343032360076904,1.697712779045105
0.767068862915039,5.343032360076904,1.697712779045105
0.784511566162109,5.343032360076904,1.697712779045105
0.800916671752930,5.324971199035645,1.689410686492920
0.826721191406250,5.324971199035645,1.689410686492920
0.842365264892578,5.324971199035645,1.689410686492920
0.872110366821289,5.324971199035645,1.689410686492920
0.887678146362305,5.306087970733643,1.683321952819824
0.903358459472656,5.306087970733643,1.683321952819824
0.918981552124023,5.306087970733643,1.683321952819824
0.934604644775391,5.289494037628174,1.680861592292786
0.950227737426758,5.289494037628174,1.680861592292786
0.972414016723633,5.289494037628174,1.680861592292786
0.988035202026367,5.289494037628174,1.680861592292786
1.003664016723633,5.275612831115723,1.682527542114258
1.019285202026367,5.275612831115723,1.682527542114258
1.034854888916016,5.275612831115723,1.682527542114258
1.050493240356445,5.275612831115723,1.682527542114258
1.072725296020508,5.265862464904785,1.684031963348389
1.088331222534180,5.265862464904785,1.684031963348389
1.103948593139648,5.265862464904785,1.684031963348389
1.119598388671875,5.265862464904785,1.684031963348389
1.135194778442383,5.255674839019775,1.683709502220154
1.153186798095703,5.255674839019775,1.683709502220154
1.179216384887695,5.255674839019775,1.683709502220154
1.195787429809570,5.241391658782959,1.684488415718079
1.213220596313477,5.241391658782959,1.684488415718079
1.229024887084961,5.241391658782959,1.684488415718079
1.245782852172852,5.241391658782959,1.684488415718079
1.262462615966797,5.221547126770020,1.682911992073059
1.279153823852539,5.221547126770020,1.682911992073059
1.296119689941406,5.221547126770020,1.682911992073059
1.312545776367188,5.221547126770020,1.682911992073059
1.329414367675781,5.221547126770020,1.682911992073059
1.346605300903320,5.201367378234863,1.677084088325500
1.362186431884766,5.201367378234863,1.677084088325500
1.379013061523438,5.201367378234863,1.677084088325500
1.395822525024414,5.183294296264648,1.669611930847168
1.412656784057617,5.183294296264648,1.669611930847168
1.429998397827148,5.183294296264648,1.669611930847168
1.446582794189453,5.183294296264648,1.669611930847168
1.462642669677734,5.168544292449951,1.660387873649597
1.479995727539062,5.168544292449951,1.660387873649597
1.495859146118164,5.168544292449951,1.660387873649597
1.512611389160156,5.168544292449951,1.660387873649597
1.530044555664062,5.168544292449951,1.660387873649597
1.546327590942383,5.156320571899414,1.652239084243774
1.562738418579102,5.156320571899414,1.652239084243774
1.579292297363281,5.156320571899414,1.652239084243774
1.596410751342773,5.156320571899414,1.652239084243774
1.612590789794922,5.146807670593262,1.648242831230164
1.629640579223633,5.146807670593262,1.648242831230164
1.645978927612305,5.146807670593262,1.648242831230164
1.663198471069336,5.132143974304199,1.642844557762146
1.679698944091797,5.132143974304199,1.642844557762146
1.696310043334961,5.132143974304199,1.642844557762146
1.712505340576172,5.132143974304199,1.642844557762146
1.731479644775391,5.132143974304199,1.642844557762146
1.745801925659180,5.111209869384766,1.634725570678711
1.762531280517578,5.111209869384766,1.634725570678711
1.779342651367188,5.111209869384766,1.634725570678711
1.795978546142578,5.111209869384766,1.634725570678711
1.812515258789062,5.088583946228027,1.626205921173096
1.829748153686523,5.088583946228027,1.626205921173096
1.845743179321289,5.088583946228027,1.626205921173096
1.862550735473633,5.088583946228027,1.626205921173096
1.879833221435547,5.088583946228027,1.626205921173096
1.895839691162109,5.066483497619629,1.619537234306335
1.912530899047852,5.066483497619629,1.619537234306335
1.931133270263672,5.046271324157715,1.617032289505005
1.948663711547852,5.046271324157715,1.617032289505005
1.972301483154297,5.046271324157715,1.617032289505005
1.991165161132812,5.046271324157715,1.617032289505005
2.007650375366211,5.027616500854492,1.617851614952087
2.021175384521484,5.027616500854492,1.617851614952087
2.044939041137695,5.027616500854492,1.617851614952087
2.061788558959961,5.027616500854492,1.617851614952087
2.078378677368164,5.014078617095947,1.619122147560120
2.095201492309570,5.014078617095947,1.619122147560120
2.111692428588867,5.014078617095947,1.619122147560120
2.129634857177734,5.014078617095947,1.619122147560120
2.145647048950195,5.002523422241211,1.618920445442200
2.178745269775391,5.002523422241211,1.618920445442200
2.195880889892578,5.002523422241211,1.618920445442200
2.211309432983398,4.987028598785400,1.616619706153870
2.230714797973633,4.987028598785400,1.616619706153870
2.255912780761719,4.987028598785400,1.616619706153870
2.273258209228516,4.966397285461426,1.612208485603333
2.290056228637695,4.966397285461426,1.612208485603333
2.306509017944336,4.966397285461426,1.612208485603333
2.319250106811523,4.966397285461426,1.612208485603333
2.345016479492188,4.966397285461426,1.612208485603333
2.359529495239258,4.944857597351074,1.604936480522156
2.378253936767578,4.944857597351074,1.604936480522156
2.395132064819336,4.944857597351074,1.604936480522156
2.411947250366211,4.926852226257324,1.596874117851257
2.428558349609375,4.926852226257324,1.596874117851257
2.444570541381836,4.926852226257324,1.596874117851257
2.466049194335938,4.909120082855225,1.584934115409851
2.481302261352539,4.909120082855225,1.584934115409851
2.498085021972656,4.909120082855225,1.584934115409851
2.514017105102539,4.909120082855225,1.584934115409851
2.531211853027344,4.895398139953613,1.574603319168091
2.547979354858398,4.895398139953613,1.574603319168091
2.565019607543945,4.895398139953613,1.574603319168091
2.579980850219727,4.895398139953613,1.574603319168091
2.595003128051758,4.895398139953613,1.574603319168091
2.611650466918945,4.883996963500977,1.567085742950439
2.628316879272461,4.883996963500977,1.567085742950439
2.644990921020508,4.883996963500977,1.567085742950439
2.661050796508789,4.883996963500977,1.567085742950439
2.678287506103516,4.869845390319824,1.559040427207947
2.694942474365234,4.869845390319824,1.559040427207947
2.711648941040039,4.869845390319824,1.559040427207947
2.728284835815430,4.869845390319824,1.559040427207947
2.745079040527344,4.849868774414062,1.550602555274963
2.761829376220703,4.849868774414062,1.550602555274963
2.778329849243164,4.849868774414062,1.550602555274963
2.794960021972656,4.849868774414062,1.550602555274963
2.811613082885742,4.827701568603516,1.540927529335022
2.828285217285156,4.827701568603516,1.540927529335022
2.844959259033203,4.827701568603516,1.540927529335022
2.861448287963867,4.827701568603516,1.540927529335022
2.878284454345703,4.806068420410156,1.533622622489929
2.894973754882812,4.806068420410156,1.533622622489929
2.911506652832031,4.806068420410156,1.533622622489929
2.928115844726562,4.806068420410156,1.533622622489929
2.944934844970703,4.784694194793701,1.529684066772461
2.961088180541992,4.784694194793701,1.529684066772461
2.978370666503906,4.784694194793701,1.529684066772461
2.994968414306641,4.784694194793701,1.529684066772461
3.011663436889648,4.765116691589355,1.529405593872070
3.028318405151367,4.765116691589355,1.529405593872070
3.045186996459961,4.765116691589355,1.529405593872070
3.061101913452148,4.765116691589355,1.529405593872070
3.078777313232422,4.765116691589355,1.529405593872070
3.095506668090820,4.749858856201172,1.529637455940247
3.112171173095703,4.749858856201172,1.529637455940247
3.134786605834961,4.735871791839600,1.528808116912842
3.149284362792969,4.735871791839600,1.528808116912842
3.164903640747070,4.735871791839600,1.528808116912842
3.178287506103516,4.735871791839600,1.528808116912842
3.194971084594727,4.735871791839600,1.528808116912842
3.211635589599609,4.718355655670166,1.526597857475281
3.228334426879883,4.718355655670166,1.526597857475281
3.245012283325195,4.718355655670166,1.526597857475281
3.261619567871094,4.718355655670166,1.526597857475281
3.278268814086914,4.697271347045898,1.522015929222107
3.293905258178711,4.697271347045898,1.522015929222107
3.311491012573242,4.697271347045898,1.522015929222107
3.328168869018555,4.697271347045898,1.522015929222107
3.344877243041992,4.675831794738770,1.513794302940369
3.361776351928711,4.675831794738770,1.513794302940369
3.378202438354492,4.675831794738770,1.513794302940369
3.394866943359375,4.675831794738770,1.513794302940369
3.411670684814453,4.655656814575195,1.505045413970947
3.428377151489258,4.655656814575195,1.505045413970947
3.445032119750977,4.655656814575195,1.505045413970947
3.461502075195312,4.655656814575195,1.505045413970947
3.478340148925781,4.637433052062988,1.491940975189209
3.494848251342773,4.637433052062988,1.491940975189209
3.511631011962891,4.637433052062988,1.491940975189209
3.528480529785156,4.637433052062988,1.491940975189209
3.544996261596680,4.622934818267822,1.479168295860291
3.561656951904297,4.622934818267822,1.479168295860291
3.578302383422852,4.622934818267822,1.479168295860291
3.596536636352539,4.622934818267822,1.479168295860291
3.613155364990234,4.610631942749023,1.470249414443970
3.630071640014648,4.610631942749023,1.470249414443970
3.646795272827148,4.610631942749023,1.470249414443970
3.664325714111328,4.610631942749023,1.470249414443970
3.680294036865234,4.595978736877441,1.462849378585815
3.697422027587891,4.595978736877441,1.462849378585815
3.713979721069336,4.595978736877441,1.462849378585815
3.730443954467773,4.595978736877441,1.462849378585815
3.746519088745117,4.575279712677002,1.453749537467957
3.763296127319336,4.575279712677002,1.453749537467957
3.780229568481445,4.575279712677002,1.453749537467957
3.796812057495117,4.575279712677002,1.453749537467957
3.813396453857422,4.552470207214355,1.444028377532959
3.830614089965820,4.552470207214355,1.444028377532959
3.847257614135742,4.552470207214355,1.444028377532959
3.863285064697266,4.552470207214355,1.444028377532959
3.880250930786133,4.530681610107422,1.434164643287659
3.897230148315430,4.530681610107422,1.434164643287659
3.913141250610352,4.530681610107422,1.434164643287659
3.938011169433594,4.509105682373047,1.430613756179810
3.965675354003906,4.509105682373047,1.430613756179810
3.982646942138672,4.509105682373047,1.430613756179810
3.998229980468750,4.509105682373047,1.430613756179810
4.013933181762695,4.488579750061035,1.429588198661804
4.029527664184570,4.488579750061035,1.429588198661804
4.045125961303711,4.488579750061035,1.429588198661804
4.061271667480469,4.488579750061035,1.429588198661804
4.076929092407227,4.471031188964844,1.428212881088257
4.092533111572266,4.471031188964844,1.428212881088257
4.108222961425781,4.471031188964844,1.428212881088257
4.123846054077148,4.471031188964844,1.428212881088257
4.139448165893555,4.456160068511963,1.425551176071167
4.177322387695312,4.456160068511963,1.425551176071167
4.192924499511719,4.456160068511963,1.425551176071167
4.208566665649414,4.438523292541504,1.422521114349365
4.224195480346680,4.438523292541504,1.422521114349365
4.239751815795898,4.438523292541504,1.422521114349365
4.255439758300781,4.438523292541504,1.422521114349365
4.277639389038086,4.417217254638672,1.415893554687500
4.293287277221680,4.417217254638672,1.415893554687500
4.308889389038086,4.417217254638672,1.415893554687500
4.324535369873047,4.417217254638672,1.415893554687500
4.340160369873047,4.395841598510742,1.406175255775452
4.355758666992188,4.395841598510742,1.406175255775452
4.377927780151367,4.395841598510742,1.406175255775452
4.393562316894531,4.395841598510742,1.406175255775452
4.409183502197266,4.376941204071045,1.396518945693970
4.424825668334961,4.376941204071045,1.396518945693970
4.440477371215820,4.376941204071045,1.396518945693970
4.456073760986328,4.376941204071045,1.396518945693970
4.478265762329102,4.360295295715332,1.382835626602173
4.493919372558594,4.360295295715332,1.382835626602173
4.509538650512695,4.360295295715332,1.382835626602173
4.525140762329102,4.360295295715332,1.382835626602173
4.540786743164062,4.360295295715332,1.382835626602173
4.556396484375000,4.346079826354980,1.369114875793457
4.578586578369141,4.346079826354980,1.369114875793457
4.594215393066406,4.346079826354980,1.369114875793457
4.625425338745117,4.333284854888916,1.358492612838745
4.641109466552734,4.333284854888916,1.358492612838745
4.656738281250000,4.333284854888916,1.358492612838745
4.678937911987305,4.317492008209229,1.348657250404358
4.694562911987305,4.317492008209229,1.348657250404358
4.710212707519531,4.317492008209229,1.348657250404358
4.725837707519531,4.317492008209229,1.348657250404358
4.741434097290039,4.296955585479736,1.336672425270081
4.757087707519531,4.296955585479736,1.336672425270081
4.779308319091797,4.296955585479736,1.336672425270081
4.794908523559570,4.296955585479736,1.336672425270081
4.810523986816406,4.274424552917480,1.325112462043762
4.826187133789062,4.274424552917480,1.325112462043762
4.841835021972656,4.274424552917480,1.325112462043762
4.857437133789062,4.274424552917480,1.325112462043762
4.880525588989258,4.253245353698730,1.314699292182922
4.896169662475586,4.253245353698730,1.314699292182922
4.913032531738281,4.253245353698730,1.314699292182922
4.928674697875977,4.253245353698730,1.314699292182922
4.944313049316406,4.233240604400635,1.308382511138916
4.963933944702148,4.233240604400635,1.308382511138916
4.979576110839844,4.233240604400635,1.308382511138916
4.995199203491211,4.233240604400635,1.308382511138916
5.010854721069336,4.212751865386963,1.304552435874939
5.026460647583008,4.212751865386963,1.304552435874939
5.042066574096680,4.212751865386963,1.304552435874939
5.057754516601562,4.212751865386963,1.304552435874939
5.079956054687500,4.212751865386963,1.304552435874939
5.095556259155273,4.195068359375000,1.302273392677307
5.111207962036133,4.195068359375000,1.302273392677307
5.126857757568359,4.195068359375000,1.302273392677307
5.142482757568359,4.180355072021484,1.297317385673523
5.158077239990234,4.180355072021484,1.297317385673523
5.180335998535156,4.180355072021484,1.297317385673523
5.195928573608398,4.180355072021484,1.297317385673523
5.211557388305664,4.162275791168213,1.291307806968689
5.227165222167969,4.162275791168213,1.291307806968689
5.242853164672852,4.162275791168213,1.291307806968689
5.258478164672852,4.162275791168213,1.291307806968689
5.280752182006836,4.142046451568604,1.283868312835693
5.296323776245117,4.142046451568604,1.283868312835693
5.311969757080078,4.142046451568604,1.283868312835693
5.327560424804688,4.142046451568604,1.283868312835693
5.343202590942383,4.121820449829102,1.273689508438110
5.358875274658203,4.121820449829102,1.273689508438110
5.381027221679688,4.121820449829102,1.273689508438110
5.396665573120117,4.121820449829102,1.273689508438110
5.412286758422852,4.104222774505615,1.261408686637878
5.427932739257812,4.104222774505615,1.261408686637878
5.443559646606445,4.104222774505615,1.261408686637878
5.459209442138672,4.104222774505615,1.261408686637878
5.481443405151367,4.088546752929688,1.246592521667480
5.497026443481445,4.088546752929688,1.246592521667480
5.512655258178711,4.088546752929688,1.246592521667480
5.543962478637695,4.075350761413574,1.230678319931030
5.581775665283203,4.075350761413574,1.230678319931030
5.597436904907227,4.063324928283691,1.218827247619629
5.613029479980469,4.063324928283691,1.218827247619629
5.628631591796875,4.063324928283691,1.218827247619629
5.644309997558594,4.063324928283691,1.218827247619629
5.659900665283203,4.063324928283691,1.218827247619629
5.682159423828125,4.048402786254883,1.207017898559570
5.697799682617188,4.048402786254883,1.207017898559570
5.713396072387695,4.048402786254883,1.207017898559570
5.728990554809570,4.048402786254883,1.207017898559570
5.744646072387695,4.048402786254883,1.207017898559570
5.760280609130859,4.028903007507324,1.194036602973938
5.782556533813477,4.028903007507324,1.194036602973938
5.798114776611328,4.008338928222656,1.180137157440186
5.813755035400391,4.008338928222656,1.180137157440186
5.829399108886719,4.008338928222656,1.180137157440186
5.845001220703125,4.008338928222656,1.180137157440186
5.860630035400391,4.008338928222656,1.180137157440186
5.882846832275391,3.989392518997192,1.166900873184204
5.898441314697266,3.989392518997192,1.166900873184204
5.914047241210938,3.989392518997192,1.166900873184204
5.929672241210938,3.989392518997192,1.166900873184204
5.945287704467773,3.969355583190918,1.158281087875366
5.960966110229492,3.969355583190918,1.158281087875366
5.983198165893555,3.969355583190918,1.158281087875366
5.998825073242188,3.969355583190918,1.158281087875366
6.014423370361328,3.969355583190918,1.158281087875366
6.030017852783203,3.949109554290771,1.152395606040955
6.045671463012695,3.949109554290771,1.152395606040955
6.061290740966797,3.949109554290771,1.152395606040955
6.083545684814453,3.931435346603394,1.148000836372375
6.099195480346680,3.931435346603394,1.148000836372375
6.114795684814453,3.931435346603394,1.148000836372375
6.130390167236328,3.931435346603394,1.148000836372375
6.146038055419922,3.916035175323486,1.142928004264832
6.161632537841797,3.916035175323486,1.142928004264832
6.183805465698242,3.916035175323486,1.142928004264832
6.199491500854492,3.897791385650635,1.136456489562988
6.215068817138672,3.897791385650635,1.136456489562988
6.230712890625000,3.897791385650635,1.136456489562988
6.246334075927734,3.897791385650635,1.136456489562988
6.261959075927734,3.897791385650635,1.136456489562988
6.284191131591797,3.876638889312744,1.127562046051025
6.299812316894531,3.876638889312744,1.127562046051025
6.315441131591797,3.876638889312744,1.127562046051025
6.331037521362305,3.857256889343262,1.116848826408386
6.346658706665039,3.857256889343262,1.116848826408386
6.362253189086914,3.857256889343262,1.116848826408386
6.384489059448242,3.857256889343262,1.116848826408386
6.400058746337891,3.840539455413818,1.105511307716370
6.415691375732422,3.840539455413818,1.105511307716370
6.431892395019531,3.840539455413818,1.105511307716370
6.447547912597656,3.840539455413818,1.105511307716370
6.463186264038086,3.840539455413818,1.105511307716370
6.484380722045898,3.825757980346680,1.091812491416931
6.500019073486328,3.825757980346680,1.091812491416931
6.515645980834961,3.825757980346680,1.091812491416931
6.531269073486328,3.811757802963257,1.077303647994995
6.546871185302734,3.811757802963257,1.077303647994995
6.562450408935547,3.811757802963257,1.077303647994995
6.584661483764648,3.811757802963257,1.077303647994995
6.600282669067383,3.798914909362793,1.064887762069702
6.615907669067383,3.798914909362793,1.064887762069702
6.631469726562500,3.798914909362793,1.064887762069702
6.647140502929688,3.798914909362793,1.064887762069702
6.662719726562500,3.798914909362793,1.064887762069702
6.684934616088867,3.783905267715454,1.052861809730530
6.704561233520508,3.783905267715454,1.052861809730530
6.720262527465820,3.783905267715454,1.052861809730530
6.735828399658203,3.763356208801270,1.038536667823792
6.751466751098633,3.763356208801270,1.038536667823792
6.769147872924805,3.763356208801270,1.038536667823792
6.784820556640625,3.763356208801270,1.038536667823792
6.800470352172852,3.743171453475952,1.025016546249390
6.816066741943359,3.743171453475952,1.025016546249390
6.831718444824219,3.743171453475952,1.025016546249390
6.847345352172852,3.743171453475952,1.025016546249390
6.862911224365234,3.743171453475952,1.025016546249390
6.885122299194336,3.724026203155518,1.011816978454590
6.900772094726562,3.724026203155518,1.011816978454590
6.916408538818359,3.724026203155518,1.011816978454590
6.932018280029297,3.724026203155518,1.011816978454590
6.947643280029297,3.724026203155518,1.011816978454590
6.963211059570312,3.706008195877075,1.003569126129150
6.985408782958984,3.706008195877075,1.003569126129150
7.001050949096680,3.685012102127075,0.997951865196228
7.016674041748047,3.685012102127075,0.997951865196228
7.032299041748047,3.685012102127075,0.997951865196228
7.047922134399414,3.685012102127075,0.997951865196228
7.063486099243164,3.685012102127075,0.997951865196228
7.085697174072266,3.667609453201294,0.994109809398651
7.101316452026367,3.667609453201294,0.994109809398651
7.116945266723633,3.667609453201294,0.994109809398651
7.132541656494141,3.651407957077026,0.988508760929108
7.148189544677734,3.651407957077026,0.988508760929108
7.163789749145508,3.651407957077026,0.988508760929108
7.186000823974609,3.651407957077026,0.988508760929108
7.201597213745117,3.651407957077026,0.988508760929108
7.217250823974609,3.633496284484863,0.980903327465057
7.232809066772461,3.633496284484863,0.980903327465057
7.248498916625977,3.633496284484863,0.980903327465057
7.264074325561523,3.613887786865234,0.970703721046448
7.286283493041992,3.613887786865234,0.970703721046448
7.301885604858398,3.613887786865234,0.970703721046448
7.317533493041992,3.613887786865234,0.970703721046448
7.333095550537109,3.595752239227295,0.959032654762268
7.348781585693359,3.595752239227295,0.959032654762268
7.364404678344727,3.595752239227295,0.959032654762268
7.386617660522461,3.595752239227295,0.959032654762268
7.402242660522461,3.595752239227295,0.959032654762268
7.417863845825195,3.579952239990234,0.946389913558960
7.433488845825195,3.579952239990234,0.946389913558960
7.449066162109375,3.579952239990234,0.946389913558960
7.464740753173828,3.579952239990234,0.946389913558960
7.486993789672852,3.566718578338623,0.931387305259705
7.502618789672852,3.566718578338623,0.931387305259705
7.518188476562500,3.566718578338623,0.931387305259705
7.533868789672852,3.553365230560303,0.914231181144714
7.549427032470703,3.553365230560303,0.914231181144714
7.565114974975586,3.553365230560303,0.914231181144714
7.587293624877930,3.553365230560303,0.914231181144714
7.602968215942383,3.541698932647705,0.899150431156158
7.618537902832031,3.541698932647705,0.899150431156158
7.634218215942383,3.541698932647705,0.899150431156158
7.649841308593750,3.541698932647705,0.899150431156158
7.665441513061523,3.526223182678223,0.885144948959351
7.687612533569336,3.526223182678223,0.885144948959351
7.703300476074219,3.526223182678223,0.885144948959351
7.718923568725586,3.526223182678223,0.885144948959351
7.734519958496094,3.508462667465210,0.868960142135620
7.750167846679688,3.508462667465210,0.868960142135620
7.765733718872070,3.508462667465210,0.868960142135620
7.787946701049805,3.508462667465210,0.868960142135620
7.807594299316406,3.508462667465210,0.868960142135620
7.823289871215820,3.489662647247314,0.854681849479675
7.838874816894531,3.489662647247314,0.854681849479675
7.854499816894531,3.489662647247314,0.854681849479675
7.872177124023438,3.471026420593262,0.840332210063934
7.887826919555664,3.471026420593262,0.840332210063934
7.903503417968750,3.471026420593262,0.840332210063934
7.919063568115234,3.471026420593262,0.840332210063934
7.934745788574219,3.452662229537964,0.831227183341980
7.950326919555664,3.452662229537964,0.831227183341980
7.965944290161133,3.452662229537964,0.831227183341980
7.988149642944336,3.452662229537964,0.831227183341980
8.003797531127930,3.432300090789795,0.824869871139526
8.019378662109375,3.432300090789795,0.824869871139526
8.035047531127930,3.432300090789795,0.824869871139526
8.050626754760742,3.432300090789795,0.824869871139526
8.066270828247070,3.413724899291992,0.818966448307037
8.088438034057617,3.413724899291992,0.818966448307037
8.104125976562500,3.413724899291992,0.818966448307037
8.119705200195312,3.413724899291992,0.818966448307037
8.135322570800781,3.413724899291992,0.818966448307037
8.150951385498047,3.413724899291992,0.818966448307037
8.166576385498047,3.397795200347900,0.810979723930359
8.188755035400391,3.397795200347900,0.810979723930359
8.204372406005859,3.380012512207031,0.802948236465454
8.220056533813477,3.380012512207031,0.802948236465454
8.235630035400391,3.380012512207031,0.802948236465454
8.251302719116211,3.380012512207031,0.802948236465454
8.266927719116211,3.360695362091064,0.793150365352631
8.289152145385742,3.360695362091064,0.793150365352631
8.304714202880859,3.360695362091064,0.793150365352631
8.320356369018555,3.360695362091064,0.793150365352631
8.335979461669922,3.342923879623413,0.780446410179138
8.351621627807617,3.342923879623413,0.780446410179138
8.367229461669922,3.342923879623413,0.780446410179138
8.389444351196289,3.342923879623413,0.780446410179138
8.405050277709961,3.342923879623413,0.780446410179138
8.420688629150391,3.328721284866333,0.768693387508392
8.436317443847656,3.328721284866333,0.768693387508392
8.451915740966797,3.328721284866333,0.768693387508392
8.467515945434570,3.328721284866333,0.768693387508392
8.489744186401367,3.316238164901733,0.753451168537140
8.505369186401367,3.316238164901733,0.753451168537140
8.520965576171875,3.316238164901733,0.753451168537140
8.538499832153320,3.304754972457886,0.736565470695496
8.554153442382812,3.304754972457886,0.736565470695496
8.569774627685547,3.304754972457886,0.736565470695496
8.589977264404297,3.304754972457886,0.736565470695496
8.605628967285156,3.304754972457886,0.736565470695496
8.621202468872070,3.292963981628418,0.722220301628113
8.636877059936523,3.292963981628418,0.722220301628113
8.652502059936523,3.292963981628418,0.722220301628113
8.668128967285156,3.278647899627686,0.707800805568695
8.690305709838867,3.278647899627686,0.707800805568695
8.705984115600586,3.278647899627686,0.707800805568695
8.721563339233398,3.278647899627686,0.707800805568695
8.737232208251953,3.260014057159424,0.691671848297119
8.752855300903320,3.260014057159424,0.691671848297119
8.768451690673828,3.260014057159424,0.691671848297119
8.790662765502930,3.260014057159424,0.691671848297119
8.806306838989258,3.240889310836792,0.675626456737518
8.821886062622070,3.240889310836792,0.675626456737518
8.837493896484375,3.240889310836792,0.675626456737518
8.853181838989258,3.240889310836792,0.675626456737518
8.868783950805664,3.187690258026123,0.664119303226471
8.891016006469727,3.187690258026123,0.664119303226471
8.907009124755859,3.187690258026123,0.664119303226471
8.922685623168945,3.187690258026123,0.664119303226471
8.938337326049805,3.176575660705566,0.652380108833313
8.953916549682617,3.176575660705566,0.652380108833313
8.969583511352539,3.176575660705566,0.652380108833313
8.991264343261719,3.176575660705566,0.652380108833313
9.006875991821289,3.154574394226074,0.644850671291351
9.022497177124023,3.154574394226074,0.644850671291351
9.038122177124023,3.154574394226074,0.644850671291351
9.053785324096680,3.154574394226074,0.644850671291351
9.069427490234375,3.138824939727783,0.637333571910858
9.091659545898438,3.138824939727783,0.637333571910858
9.107248306274414,3.138824939727783,0.637333571910858
9.122917175292969,3.138824939727783,0.637333571910858
9.138500213623047,3.128876447677612,0.628751993179321
9.154140472412109,3.128876447677612,0.628751993179321
9.169786453247070,3.128876447677612,0.628751993179321
9.192001342773438,3.128876447677612,0.628751993179321
9.207578659057617,3.116664886474609,0.618517637252808
9.223218917846680,3.116664886474609,0.618517637252808
9.238872528076172,3.116664886474609,0.618517637252808
9.254474639892578,3.116664886474609,0.618517637252808
9.270069122314453,3.099907636642456,0.607138752937317
9.292312622070312,3.099907636642456,0.607138752937317
9.307895660400391,3.099907636642456,0.607138752937317
9.323503494262695,3.099907636642456,0.607138752937317
9.339143753051758,3.079493045806885,0.593668580055237
9.354764938354492,3.079493045806885,0.593668580055237
9.370414733886719,3.079493045806885,0.593668580055237
9.392585754394531,3.079493045806885,0.593668580055237
9.408264160156250,3.059056520462036,0.581268787384033
9.423889160156250,3.059056520462036,0.581268787384033
9.439487457275391,3.059056520462036,0.581268787384033
9.455137252807617,3.059056520462036,0.581268787384033
9.470699310302734,3.042143583297729,0.565485775470734
9.492883682250977,3.042143583297729,0.565485775470734
9.508514404296875,3.042143583297729,0.565485775470734
9.524133682250977,3.042143583297729,0.565485775470734
9.539779663085938,3.030002117156982,0.548351466655731
9.555379867553711,3.030002117156982,0.548351466655731
9.593307495117188,3.030002117156982,0.548351466655731
9.609683990478516,3.024273872375488,0.532456696033478
9.625385284423828,3.024273872375488,0.532456696033478
9.643329620361328,3.024273872375488,0.532456696033478
9.659006118774414,3.024273872375488,0.532456696033478
9.677682876586914,3.017248153686523,0.516388952732086
9.693382263183594,3.017248153686523,0.516388952732086
9.708978652954102,3.017248153686523,0.516388952732086
9.724628448486328,3.017248153686523,0.516388952732086
9.740190505981445,3.004137754440308,0.499158352613449
9.755832672119141,3.004137754440308,0.499158352613449
9.771501541137695,3.004137754440308,0.499158352613449
9.793727874755859,3.004137754440308,0.499158352613449
9.809288024902344,2.984743595123291,0.482353568077087
9.824975967407227,2.984743595123291,0.482353568077087
9.840600967407227,2.984743595123291,0.482353568077087
9.856195449829102,2.984743595123291,0.482353568077087
9.871849060058594,2.984743595123291,0.482353568077087
9.894025802612305,2.963747262954712,0.468104392290115
9.909650802612305,2.963747262954712,0.468104392290115
9.925270080566406,2.963747262954712,0.468104392290115
9.940946578979492,2.941615581512451,0.457677245140076
9.956520080566406,2.941615581512451,0.457677245140076
9.972194671630859,2.941615581512451,0.457677245140076
9.993919372558594,2.941615581512451,0.457677245140076
10.009517669677734,2.920458793640137,0.449140667915344
10.025165557861328,2.920458793640137,0.449140667915344
10.040775299072266,2.920458793640137,0.449140667915344
10.056411743164062,2.920458793640137,0.449140667915344
10.072000503540039,2.905112266540527,0.440892904996872
10.094215393066406,2.905112266540527,0.440892904996872
10.109773635864258,2.905112266540527,0.440892904996872
10.125463485717773,2.905112266540527,0.440892904996872
10.141897201538086,2.905112266540527,0.440892904996872
10.157529830932617,2.895040988922119,0.430045217275620
10.173223495483398,2.895040988922119,0.430045217275620
10.194435119628906,2.895040988922119,0.430045217275620
10.225681304931641,2.884189844131470,0.418465048074722
10.241258621215820,2.884189844131470,0.418465048074722
10.256864547729492,2.884189844131470,0.418465048074722
10.272554397583008,2.868465900421143,0.406200796365738
10.294265747070312,2.868465900421143,0.406200796365738
10.309822082519531,2.868465900421143,0.406200796365738
10.325515747070312,2.868465900421143,0.406200796365738
10.341070175170898,2.849866867065430,0.391278833150864
10.356716156005859,2.849866867065430,0.391278833150864
10.372386932373047,2.849866867065430,0.391278833150864
10.394598007202148,2.849866867065430,0.391278833150864
10.410156250000000,2.830863237380981,0.378335595130920
10.425802230834961,2.830863237380981,0.378335595130920
10.441734313964844,2.830863237380981,0.378335595130920
10.457386016845703,2.830863237380981,0.378335595130920
10.473009109497070,2.814840316772461,0.364372581243515
10.494693756103516,2.814840316772461,0.364372581243515
10.525938034057617,2.814840316772461,0.364372581243515
10.541538238525391,2.804144382476807,0.346210986375809
10.557218551635742,2.804144382476807,0.346210986375809
10.572799682617188,2.804144382476807,0.346210986375809
10.594999313354492,2.804144382476807,0.346210986375809
10.610601425170898,2.797386884689331,0.329583615064621
10.626276016235352,2.797386884689331,0.329583615064621
10.641901016235352,2.797386884689331,0.329583615064621
10.657468795776367,2.797386884689331,0.329583615064621
10.673099517822266,2.790236711502075,0.313663601875305
10.695283889770508,2.790236711502075,0.313663601875305
10.710935592651367,2.790236711502075,0.313663601875305
10.726528167724609,2.790236711502075,0.313663601875305
10.742183685302734,2.779030323028564,0.294845938682556
10.757772445678711,2.779030323028564,0.294845938682556
10.773380279541016,2.779030323028564,0.294845938682556
10.795555114746094,2.779030323028564,0.294845938682556
10.811231613159180,2.779030323028564,0.294845938682556
10.842435836791992,2.761196374893188,0.277039855718613
10.858057022094727,2.761196374893188,0.277039855718613
10.873676300048828,2.740594863891602,0.261809557676315
10.895839691162109,2.740594863891602,0.261809557676315
10.911483764648438,2.740594863891602,0.261809557676315
10.927110671997070,2.740594863891602,0.261809557676315
10.942760467529297,2.719602346420288,0.250356197357178
10.958383560180664,2.719602346420288,0.250356197357178
10.973979949951172,2.719602346420288,0.250356197357178
10.996143341064453,2.719602346420288,0.250356197357178
11.011802673339844,2.699605703353882,0.241277784109116
11.027456283569336,2.699605703353882,0.241277784109116
11.043062210083008,2.699605703353882,0.241277784109116
11.058706283569336,2.699605703353882,0.241277784109116
11.074302673339844,2.699605703353882,0.241277784109116
11.096477508544922,2.683198690414429,0.233029097318649
11.112125396728516,2.683198690414429,0.233029097318649
11.127777099609375,2.683198690414429,0.233029097318649
11.143377304077148,2.672362327575684,0.222494706511497
11.159027099609375,2.672362327575684,0.222494706511497
11.174631118774414,2.672362327575684,0.222494706511497
11.196846008300781,2.672362327575684,0.222494706511497
11.212480545043945,2.661200523376465,0.210875645279884
11.228105545043945,2.661200523376465,0.210875645279884
11.243762969970703,2.661200523376465,0.210875645279884
11.259405136108398,2.661200523376465,0.210875645279884
11.275028228759766,2.645552873611450,0.198995560407639
11.297210693359375,2.645552873611450,0.198995560407639
11.312829971313477,2.645552873611450,0.198995560407639
11.328432083129883,2.645552873611450,0.198995560407639
11.344110488891602,2.645552873611450,0.198995560407639
11.359706878662109,2.627194166183472,0.185035809874535
11.375360488891602,2.627194166183472,0.185035809874535
11.397548675537109,2.627194166183472,0.185035809874535
11.413148880004883,2.609373807907104,0.171927183866501
11.428762435913086,2.609373807907104,0.171927183866501
11.444398880004883,2.609373807907104,0.171927183866501
11.475696563720703,2.595609426498413,0.156675875186920
11.497854232788086,2.595609426498413,0.156675875186920
11.513511657714844,2.595609426498413,0.156675875186920
11.529136657714844,2.595609426498413,0.156675875186920
11.544763565063477,2.586058616638184,0.137416213750839
11.560411453247070,2.586058616638184,0.137416213750839
11.576011657714844,2.586058616638184,0.137416213750839
11.598270416259766,2.586058616638184,0.137416213750839
11.613851547241211,2.580267667770386,0.120117455720901
11.629476547241211,2.580267667770386,0.120117455720901
11.645095825195312,2.580267667770386,0.120117455720901
11.660781860351562,2.580267667770386,0.120117455720901
11.676395416259766,2.574311971664429,0.102952606976032
11.698673248291016,2.574311971664429,0.102952606976032
11.714231491088867,2.574311971664429,0.102952606976032
11.729890823364258,2.574311971664429,0.102952606976032
11.745479583740234,2.563997030258179,0.082439318299294
11.761167526245117,2.563997030258179,0.082439318299294
11.776748657226562,2.563997030258179,0.082439318299294
11.798957824707031,2.544765472412109,0.071369297802448
11.814527511596680,2.544765472412109,0.071369297802448
11.830165863037109,2.544765472412109,0.071369297802448
11.845777511596680,2.544765472412109,0.071369297802448
11.861415863037109,2.544765472412109,0.071369297802448
11.877092361450195,2.524469852447510,0.063867241144180
11.899341583251953,2.524469852447510,0.063867241144180
11.914924621582031,2.524469852447510,0.063867241144180
11.930540084838867,2.524469852447510,0.063867241144180
11.946184158325195,2.507738113403320,0.057759739458561
11.961809158325195,2.507738113403320,0.057759739458561
11.977464675903320,2.507738113403320,0.057759739458561
11.999710083007812,2.507738113403320,0.057759739458561
12.015350341796875,2.507738113403320,0.057759739458561
12.030954360961914,2.491937637329102,0.052342377603054
12.046575546264648,2.491937637329102,0.052342377603054
12.065902709960938,2.491937637329102,0.052342377603054
12.084115982055664,2.478161096572876,0.051091395318508
12.099765777587891,2.478161096572876,0.051091395318508
12.115392684936523,2.478161096572876,0.051091395318508
12.131038665771484,2.478161096572876,0.051091395318508
12.146635055541992,2.467261791229248,0.051880624145269
12.162250518798828,2.467261791229248,0.051880624145269
12.177886962890625,2.467261791229248,0.051880624145269
12.200052261352539,2.467261791229248,0.051880624145269
12.215694427490234,2.451375722885132,0.054465856403112
12.231298446655273,2.451375722885132,0.054465856403112
12.246919631958008,2.451375722885132,0.054465856403112
12.262580871582031,2.451375722885132,0.054465856403112
12.278207778930664,2.451375722885132,0.054465856403112
12.300392150878906,2.429755449295044,0.061332531273365
12.315999984741211,2.429755449295044,0.061332531273365
12.331617355346680,2.429755449295044,0.061332531273365
12.347265243530273,2.407377481460571,0.068865954875946
12.362888336181641,2.407377481460571,0.068865954875946
12.378509521484375,2.407377481460571,0.068865954875946
12.400695800781250,2.407377481460571,0.068865954875946
12.416337966918945,2.388721704483032,0.075539425015450
12.431940078735352,2.388721704483032,0.075539425015450
12.447549819946289,2.388721704483032,0.075539425015450
12.463207244873047,2.388721704483032,0.075539425015450
12.478807449340820,2.375463247299194,0.080057881772518
12.501031875610352,2.375463247299194,0.080057881772518
12.516635894775391,2.375463247299194,0.080057881772518
12.532238006591797,2.375463247299194,0.080057881772518
12.547845840454102,2.363492727279663,0.078824773430824
12.563478469848633,2.363492727279663,0.078824773430824
12.579124450683594,2.363492727279663,0.078824773430824
12.601388931274414,2.351445913314819,0.076676055788994
12.616949081420898,2.351445913314819,0.076676055788994
12.632587432861328,2.351445913314819,0.076676055788994
12.648214340209961,2.351445913314819,0.076676055788994
12.663833618164062,2.351445913314819,0.076676055788994
12.679454803466797,2.336905717849731,0.071411930024624
12.701663970947266,2.336905717849731,0.071411930024624
12.717248916625977,2.336905717849731,0.071411930024624
12.732873916625977,2.336905717849731,0.071411930024624
12.748537063598633,2.321640014648438,0.064230702817440
12.764137268066406,2.321640014648438,0.064230702817440
12.779735565185547,2.321640014648438,0.064230702817440
12.801965713500977,2.304103612899780,0.059807401150465
12.817544937133789,2.304103612899780,0.059807401150465
12.833185195922852,2.304103612899780,0.059807401150465
12.848829269409180,2.304103612899780,0.059807401150465
12.864435195922852,2.304103612899780,0.059807401150465
12.880052566528320,2.304103612899780,0.059807401150465
12.902280807495117,2.282970428466797,0.059450469911098
12.917863845825195,2.282970428466797,0.059450469911098
12.933488845825195,2.282970428466797,0.059450469911098
12.949115753173828,2.262610197067261,0.061328809708357
12.964714050292969,2.262610197067261,0.061328809708357
12.980377197265625,2.262610197067261,0.061328809708357
13.002563476562500,2.242050886154175,0.063753232359886
13.018186569213867,2.242050886154175,0.063753232359886
13.033857345581055,2.242050886154175,0.063753232359886
13.049427032470703,2.242050886154175,0.063753232359886
13.065052032470703,2.242050886154175,0.063753232359886
13.080661773681641,2.224033832550049,0.065793864428997
13.102848052978516,2.224033832550049,0.065793864428997
13.118516921997070,2.224033832550049,0.065793864428997
13.134094238281250,2.209324836730957,0.064317278563976
13.149715423583984,2.209324836730957,0.064317278563976
13.165390014648438,2.209324836730957,0.064317278563976
13.180959701538086,2.209324836730957,0.064317278563976
13.203174591064453,2.193823814392090,0.061645966023207
13.218757629394531,2.193823814392090,0.061645966023207
13.234375000000000,2.193823814392090,0.061645966023207
13.249986648559570,2.193823814392090,0.061645966023207
13.265605926513672,2.193823814392090,0.061645966023207
13.281232833862305,2.175275802612305,0.060666725039482
13.303443908691406,2.175275802612305,0.060666725039482
13.319000244140625,2.175275802612305,0.060666725039482
13.334644317626953,2.155179023742676,0.064196102321148
13.350317001342773,2.155179023742676,0.064196102321148
13.365936279296875,2.155179023742676,0.064196102321148
13.381563186645508,2.155179023742676,0.064196102321148
13.403785705566406,2.135941267013550,0.068241581320763
13.419351577758789,2.135941267013550,0.068241581320763
13.434995651245117,2.135941267013550,0.068241581320763
13.450649261474609,2.135941267013550,0.068241581320763
13.466239929199219,2.135941267013550,0.068241581320763
13.481864929199219,2.135941267013550,0.068241581320763
13.504072189331055,2.117189407348633,0.071261055767536
13.519657135009766,2.117189407348633,0.071261055767536
13.535312652587891,2.100564479827881,0.071895979344845
13.550901412963867,2.100564479827881,0.071895979344845
13.566541671752930,2.100564479827881,0.071895979344845
13.582128524780273,2.100564479827881,0.071895979344845
13.604364395141602,2.085543155670166,0.071498461067677
13.619991302490234,2.085543155670166,0.071498461067677
13.635560989379883,2.085543155670166,0.071498461067677
13.651189804077148,2.085543155670166,0.071498461067677
13.666812896728516,2.068299293518066,0.065760023891926
13.682449340820312,2.068299293518066,0.065760023891926
13.704683303833008,2.068299293518066,0.065760023891926
13.720310211181641,2.068299293518066,0.065760023891926
13.735866546630859,2.068299293518066,0.065760023891926
13.751506805419922,2.068299293518066,0.065760023891926
13.767131805419922,2.049804449081421,0.058767415583134
13.782760620117188,2.049804449081421,0.058767415583134
13.804937362670898,2.028891086578369,0.053634297102690
13.820569992065430,2.028891086578369,0.053634297102690
13.836193084716797,2.028891086578369,0.053634297102690
13.851812362670898,2.028891086578369,0.053634297102690
13.867443084716797,2.006598949432373,0.053868345916271
13.883083343505859,2.006598949432373,0.053868345916271
13.905267715454102,2.006598949432373,0.053868345916271
13.920942306518555,2.006598949432373,0.053868345916271
13.936515808105469,1.984009861946106,0.057482074946165
13.952186584472656,1.984009861946106,0.057482074946165
13.967765808105469,1.984009861946106,0.057482074946165
13.983373641967773,1.984009861946106,0.057482074946165
14.005542755126953,1.961832404136658,0.062965109944344
14.021184921264648,1.961832404136658,0.062965109944344
14.036811828613281,1.961832404136658,0.062965109944344
14.052413940429688,1.961832404136658,0.062965109944344
14.068056106567383,1.942980766296387,0.067318715155125
14.083724975585938,1.942980766296387,0.067318715155125
14.105953216552734,1.942980766296387,0.067318715155125
14.121551513671875,1.942980766296387,0.067318715155125
14.137155532836914,1.926397085189819,0.068542987108231
14.152824401855469,1.926397085189819,0.068542987108231
14.168447494506836,1.926397085189819,0.068542987108231
14.184022903442383,1.926397085189819,0.068542987108231
14.206239700317383,1.909212470054626,0.067472793161869
14.221817016601562,1.909212470054626,0.067472793161869
14.237483978271484,1.909212470054626,0.067472793161869
14.253065109252930,1.909212470054626,0.067472793161869
14.268680572509766,1.889406919479370,0.066257327795029
14.284357070922852,1.889406919479370,0.066257327795029
14.306585311889648,1.889406919479370,0.066257327795029
14.322162628173828,1.889406919479370,0.066257327795029
14.337779998779297,1.865980863571167,0.064119689166546
14.353410720825195,1.865980863571167,0.064119689166546
14.369031906127930,1.865980863571167,0.064119689166546
14.384704589843750,1.865980863571167,0.064119689166546
14.406887054443359,1.844201683998108,0.063675090670586
14.422561645507812,1.844201683998108,0.063675090670586
14.438121795654297,1.844201683998108,0.063675090670586
14.453762054443359,1.844201683998108,0.063675090670586
14.469411849975586,1.824786305427551,0.069324567914009
14.485055923461914,1.824786305427551,0.069324567914009
14.507226943969727,1.824786305427551,0.069324567914009
14.522914886474609,1.824786305427551,0.069324567914009
14.538494110107422,1.806598305702209,0.071956597268581
14.554121017456055,1.806598305702209,0.071956597268581
14.569744110107422,1.806598305702209,0.071956597268581
14.585384368896484,1.806598305702209,0.071956597268581
14.607570648193359,1.790099978446960,0.071901582181454
14.623195648193359,1.790099978446960,0.071901582181454
14.638866424560547,1.790099978446960,0.071901582181454
14.654424667358398,1.790099978446960,0.071901582181454
14.670114517211914,1.771312713623047,0.068307742476463
14.685691833496094,1.771312713623047,0.068307742476463
14.707918167114258,1.771312713623047,0.068307742476463
14.723485946655273,1.771312713623047,0.068307742476463
14.739124298095703,1.749857664108276,0.062092818319798
14.754768371582031,1.749857664108276,0.062092818319798
14.770372390747070,1.749857664108276,0.062092818319798
14.786037445068359,1.749857664108276,0.062092818319798
14.808252334594727,1.726020932197571,0.059881642460823
14.823850631713867,1.726020932197571,0.059881642460823
14.839500427246094,1.726020932197571,0.059881642460823
14.855079650878906,1.726020932197571,0.059881642460823
14.870698928833008,1.700536608695984,0.060927119106054
14.886327743530273,1.700536608695984,0.060927119106054
14.908544540405273,1.700536608695984,0.060927119106054
14.924123764038086,1.700536608695984,0.060927119106054
14.939748764038086,1.700536608695984,0.060927119106054
14.955373764038086,1.676804542541504,0.063961125910282
14.970979690551758,1.676804542541504,0.063961125910282
14.986663818359375,1.676804542541504,0.063961125910282
15.008895874023438,1.654936194419861,0.068682037293911
15.024522781372070,1.654936194419861,0.068682037293911
15.040096282958984,1.654936194419861,0.068682037293911
15.055770874023438,1.654936194419861,0.068682037293911
15.071376800537109,1.634066224098206,0.072760827839375
15.087011337280273,1.634066224098206,0.072760827839375
15.109199523925781,1.634066224098206,0.072760827839375
15.124849319458008,1.634066224098206,0.072760827839375
15.140409469604492,1.617243647575378,0.074043065309525
15.156099319458008,1.617243647575378,0.074043065309525
15.171676635742188,1.617243647575378,0.074043065309525
15.187318801879883,1.617243647575378,0.074043065309525
15.209486007690430,1.617243647575378,0.074043065309525
15.225156784057617,1.600100040435791,0.074512004852295
15.240798950195312,1.600100040435791,0.074512004852295
15.256361007690430,1.600100040435791,0.074512004852295
15.271999359130859,1.578306674957275,0.076759912073612
15.287622451782227,1.578306674957275,0.076759912073612
15.309837341308594,1.578306674957275,0.076759912073612
15.325460433959961,1.578306674957275,0.076759912073612
15.341039657592773,1.555314064025879,0.076847337186337
15.356645584106445,1.555314064025879,0.076847337186337
15.372287750244141,1.555314064025879,0.076847337186337
15.387914657592773,1.555314064025879,0.076847337186337
15.410146713256836,1.532391667366028,0.075254678726196
15.425741195678711,1.532391667366028,0.075254678726196
15.441329956054688,1.532391667366028,0.075254678726196
15.456972122192383,1.532391667366028,0.075254678726196
15.472639083862305,1.512438178062439,0.070554494857788
15.488222122192383,1.512438178062439,0.070554494857788
15.510402679443359,1.512438178062439,0.070554494857788
15.526004791259766,1.512438178062439,0.070554494857788
15.541698455810547,1.491969704627991,0.067014366388321
15.557319641113281,1.491969704627991,0.067014366388321
15.572935104370117,1.491969704627991,0.067014366388321
15.588525772094727,1.491969704627991,0.067014366388321
15.610694885253906,1.473529696464539,0.066765256226063
15.626346588134766,1.473529696464539,0.066765256226063
15.641986846923828,1.473529696464539,0.066765256226063
15.657613754272461,1.473529696464539,0.066765256226063
15.673183441162109,1.456983685493469,0.061731234192848
15.688814163208008,1.456983685493469,0.061731234192848
15.711042404174805,1.456983685493469,0.061731234192848
15.726634979248047,1.456983685493469,0.061731234192848
15.742261886596680,1.436132073402405,0.054699480533600
15.757915496826172,1.436132073402405,0.054699480533600
15.773469924926758,1.436132073402405,0.054699480533600
15.789163589477539,1.436132073402405,0.054699480533600
15.810890197753906,1.413025140762329,0.050722133368254
15.826488494873047,1.413025140762329,0.050722133368254
15.842092514038086,1.413025140762329,0.050722133368254
15.857717514038086,1.413025140762329,0.050722133368254
15.873384475708008,1.413025140762329,0.050722133368254
15.888963699340820,1.388278365135193,0.051874130964279
15.911132812500000,1.388278365135193,0.051874130964279
15.942419052124023,1.364363551139832,0.055216889828444
15.958047866821289,1.364363551139832,0.055216889828444
15.973604202270508,1.364363551139832,0.055216889828444
15.989295959472656,1.364363551139832,0.055216889828444
16.011522293090820,1.342347025871277,0.060450568795204
16.027145385742188,1.342347025871277,0.060450568795204
16.042741775512695,1.342347025871277,0.060450568795204
16.058395385742188,1.342347025871277,0.060450568795204
16.074001312255859,1.321590662002563,0.064489424228668
16.089597702026367,1.321590662002563,0.064489424228668
16.111753463745117,1.321590662002563,0.064489424228668
16.127428054809570,1.321590662002563,0.064489424228668
16.143014907836914,1.321590662002563,0.064489424228668
16.158678054809570,1.303770661354065,0.066698491573334
16.174282073974609,1.303770661354065,0.066698491573334
16.189878463745117,1.303770661354065,0.066698491573334
16.212053298950195,1.285839438438416,0.069092974066734
16.227731704711914,1.285839438438416,0.069092974066734
16.258979797363281,1.285839438438416,0.069092974066734
16.274602890014648,1.264963746070862,0.072818726301193
16.290174484252930,1.264963746070862,0.072818726301193
16.312349319458008,1.264963746070862,0.072818726301193
16.327976226806641,1.264963746070862,0.072818726301193
16.343603134155273,1.242121100425720,0.075533621013165
16.359239578247070,1.242121100425720,0.075533621013165
16.374895095825195,1.242121100425720,0.075533621013165
16.390457153320312,1.242121100425720,0.075533621013165
16.412633895874023,1.242121100425720,0.075533621013165
