time,x,y
0.000000000000000,0.670016109943390,0.239427611231804
0.031312942504883,0.670016109943390,0.239427611231804
0.046871185302734,0.670016109943390,0.239427611231804
0.062561035156250,0.670995891094208,0.239722728729248
0.084772109985352,0.670995891094208,0.239722728729248
0.100364685058594,0.670995891094208,0.239722728729248
0.115976333618164,0.670995891094208,0.239722728729248
0.131645202636719,0.670995891094208,0.239722728729248
0.147205352783203,0.672290921211243,0.239582300186157
0.162893295288086,0.672290921211243,0.239582300186157
0.185104370117188,0.667992234230042,0.237230598926544
0.200702667236328,0.667992234230042,0.237230598926544
0.216350555419922,0.667992234230042,0.237230598926544
0.231950759887695,0.667992234230042,0.237230598926544
0.247570037841797,0.667992234230042,0.237230598926544
0.263196945190430,0.660721540451050,0.232484668493271
0.285408020019531,0.660721540451050,0.232484668493271
0.301033020019531,0.660721540451050,0.232484668493271
0.316589355468750,0.660721540451050,0.232484668493271
0.332281112670898,0.660721540451050,0.232484668493271
0.347854614257812,0.660909831523895,0.229860886931419
0.363529205322266,0.660909831523895,0.229860886931419
0.385684967041016,0.664392054080963,0.231034711003304
0.401365280151367,0.664392054080963,0.231034711003304
0.416965484619141,0.664392054080963,0.231034711003304
0.432615280151367,0.664392054080963,0.231034711003304
0.448238372802734,0.664392054080963,0.231034711003304
0.463853836059570,0.667740464210510,0.231500312685966
0.485998153686523,0.667740464210510,0.231500312685966
0.501665115356445,0.667740464210510,0.231500312685966
0.517250061035156,0.667740464210510,0.231500312685966
0.548561096191406,0.674872040748596,0.230686396360397
0.564121246337891,0.674872040748596,0.230686396360397
0.586269378662109,0.688142776489258,0.231420114636421
0.601938247680664,0.688142776489258,0.231420114636421
0.621332168579102,0.688142776489258,0.231420114636421
0.642517089843750,0.688142776489258,0.231420114636421
0.659273147583008,0.702164173126221,0.234059095382690
0.674280166625977,0.702164173126221,0.234059095382690
0.693145751953125,0.702164173126221,0.234059095382690
0.709861755371094,0.702164173126221,0.234059095382690
0.726692199707031,0.716580331325531,0.236404582858086
0.744039535522461,0.716580331325531,0.236404582858086
0.760660171508789,0.716580331325531,0.236404582858086
0.777164459228516,0.716580331325531,0.236404582858086
0.794134140014648,0.729734778404236,0.237466335296631
0.827890396118164,0.729734778404236,0.237466335296631
0.843790054321289,0.729734778404236,0.237466335296631
0.860616683959961,0.742083370685577,0.236815959215164
0.886819839477539,0.742083370685577,0.236815959215164
0.902502059936523,0.742083370685577,0.236815959215164
0.918127059936523,0.742083370685577,0.236815959215164
0.933750152587891,0.751580476760864,0.234936922788620
0.949380874633789,0.751580476760864,0.234936922788620
0.964956283569336,0.751580476760864,0.234936922788620
0.987108230590820,0.759282827377319,0.234306052327156
1.002771377563477,0.759282827377319,0.234306052327156
1.018386840820312,0.759282827377319,0.234306052327156
1.033983230590820,0.759282827377319,0.234306052327156
1.049665451049805,0.759282827377319,0.234306052327156
1.065231323242188,0.769688010215759,0.233379215002060
1.087429046630859,0.769688010215759,0.233379215002060
1.103063583374023,0.769688010215759,0.233379215002060
1.118694305419922,0.783603608608246,0.229516431689262
1.134258270263672,0.783603608608246,0.229516431689262
1.149944305419922,0.783603608608246,0.229516431689262
1.165508270263672,0.783603608608246,0.229516431689262
1.192430496215820,0.801552832126617,0.229749277234077
1.211105346679688,0.801552832126617,0.229749277234077
1.228969573974609,0.801552832126617,0.229749277234077
1.244958877563477,0.801552832126617,0.229749277234077
1.261220932006836,0.818704009056091,0.232084497809410
1.278228759765625,0.818704009056091,0.232084497809410
1.294734954833984,0.818704009056091,0.232084497809410
1.327871322631836,0.818704009056091,0.232084497809410
1.344720840454102,0.834319710731506,0.236592516303062
1.361188888549805,0.834319710731506,0.236592516303062
1.378129959106445,0.834319710731506,0.236592516303062
1.394533157348633,0.850019097328186,0.243241205811501
1.411993026733398,0.850019097328186,0.243241205811501
1.427967071533203,0.850019097328186,0.243241205811501
1.445005416870117,0.850019097328186,0.243241205811501
1.461164474487305,0.862332761287689,0.246616601943970
1.478080749511719,0.862332761287689,0.246616601943970
1.494579315185547,0.862332761287689,0.246616601943970
1.511566162109375,0.862332761287689,0.246616601943970
1.528059005737305,0.862332761287689,0.246616601943970
1.544759750366211,0.875577270984650,0.248266652226448
1.561580657958984,0.875577270984650,0.248266652226448
1.578100204467773,0.875577270984650,0.248266652226448
1.594991683959961,0.894474267959595,0.249132752418518
1.611694335937500,0.894474267959595,0.249132752418518
1.628162384033203,0.894474267959595,0.249132752418518
1.644666671752930,0.894474267959595,0.249132752418518
1.661384582519531,0.916625559329987,0.251597523689270
1.678157806396484,0.916625559329987,0.251597523689270
1.694618225097656,0.916625559329987,0.251597523689270
1.711303710937500,0.916625559329987,0.251597523689270
1.728050231933594,0.938502728939056,0.253900080919266
1.744602203369141,0.938502728939056,0.253900080919266
1.762119293212891,0.938502728939056,0.253900080919266
1.777847290039062,0.938502728939056,0.253900080919266
1.795370101928711,0.959198474884033,0.254154562950134
1.811576843261719,0.959198474884033,0.254154562950134
1.827882766723633,0.959198474884033,0.254154562950134
1.845497131347656,0.959198474884033,0.254154562950134
1.861473083496094,0.959198474884033,0.254154562950134
1.878784179687500,0.977079510688782,0.251523494720459
1.894767761230469,0.977079510688782,0.251523494720459
1.911172866821289,0.977079510688782,0.251523494720459
1.928720474243164,0.977079510688782,0.251523494720459
1.945060729980469,0.992543160915375,0.247243121266365
1.964208602905273,0.992543160915375,0.247243121266365
1.979272842407227,0.992543160915375,0.247243121266365
1.997949600219727,1.004112362861633,0.244156628847122
2.013448715209961,1.004112362861633,0.244156628847122
2.028612136840820,1.004112362861633,0.244156628847122
2.043504714965820,1.004112362861633,0.244156628847122
2.060310363769531,1.017366647720337,0.242171242833138
2.089481353759766,1.017366647720337,0.242171242833138
2.105152130126953,1.017366647720337,0.242171242833138
2.120725631713867,1.035382628440857,0.240441069006920
2.136354446411133,1.035382628440857,0.240441069006920
2.151958465576172,1.035382628440857,0.240441069006920
2.167602539062500,1.035382628440857,0.240441069006920
2.189828872680664,1.056042313575745,0.243587240576744
2.205415725708008,1.056042313575745,0.243587240576744
2.221052169799805,1.056042313575745,0.243587240576744
2.236658096313477,1.056042313575745,0.243587240576744
2.252281188964844,1.056042313575745,0.243587240576744
2.267951965332031,1.076751828193665,0.248538106679916
2.290132522583008,1.076751828193665,0.248538106679916
2.305763244628906,1.076751828193665,0.248538106679916
2.321388244628906,1.093826293945312,0.256403505802155
2.337011337280273,1.093826293945312,0.256403505802155
2.352634429931641,1.093826293945312,0.256403505802155
2.368276596069336,1.093826293945312,0.256403505802155
2.390436172485352,1.112054944038391,0.265922188758850
2.406129837036133,1.112054944038391,0.265922188758850
2.421737670898438,1.112054944038391,0.265922188758850
2.437355041503906,1.112054944038391,0.265922188758850
2.453001022338867,1.125819563865662,0.272663652896881
2.468580245971680,1.125819563865662,0.272663652896881
2.490730285644531,1.125819563865662,0.272663652896881
2.506416320800781,1.125819563865662,0.272663652896881
2.522041320800781,1.125819563865662,0.272663652896881
2.537611007690430,1.139854550361633,0.277319610118866
2.553243637084961,1.139854550361633,0.277319610118866
2.568851470947266,1.139854550361633,0.277319610118866
2.591077804565430,1.159595251083374,0.282364785671234
2.606676101684570,1.159595251083374,0.282364785671234
2.622325897216797,1.159595251083374,0.282364785671234
2.637935638427734,1.159595251083374,0.282364785671234
2.653573989868164,1.181335449218750,0.287322610616684
2.669155120849609,1.181335449218750,0.287322610616684
2.691370010375977,1.181335449218750,0.287322610616684
2.706939697265625,1.181335449218750,0.287322610616684
2.722618103027344,1.203830242156982,0.292960882186890
2.738243103027344,1.203830242156982,0.292960882186890
2.753812789916992,1.203830242156982,0.292960882186890
2.769443511962891,1.203830242156982,0.292960882186890
2.791660308837891,1.203830242156982,0.292960882186890
2.807281494140625,1.224744081497192,0.295477479696274
2.822906494140625,1.224744081497192,0.295477479696274
2.838529586791992,1.224744081497192,0.295477479696274
2.854093551635742,1.244259476661682,0.293017029762268
2.869777679443359,1.244259476661682,0.293017029762268
2.891981124877930,1.244259476661682,0.293017029762268
2.907629013061523,1.244259476661682,0.293017029762268
2.923223495483398,1.261644005775452,0.289801299571991
2.938877105712891,1.261644005775452,0.289801299571991
2.954431533813477,1.261644005775452,0.289801299571991
2.970075607299805,1.261644005775452,0.289801299571991
2.992288589477539,1.275713205337524,0.287505954504013
3.007909774780273,1.275713205337524,0.287505954504013
3.023473739624023,1.275713205337524,0.287505954504013
3.039157867431641,1.275713205337524,0.287505954504013
3.054784774780273,1.291456103324890,0.286632865667343
3.070377349853516,1.291456103324890,0.286632865667343
3.092542648315430,1.291456103324890,0.286632865667343
3.108232498168945,1.291456103324890,0.286632865667343
3.123855590820312,1.310387015342712,0.285326093435287
3.139478683471680,1.310387015342712,0.285326093435287
3.155105590820312,1.310387015342712,0.285326093435287
3.170663833618164,1.310387015342712,0.285326093435287
3.192831039428711,1.333214282989502,0.288704335689545
3.208513259887695,1.333214282989502,0.288704335689545
3.224140167236328,1.333214282989502,0.288704335689545
3.239734649658203,1.333214282989502,0.288704335689545
3.255344390869141,1.354234218597412,0.293872952461243
3.270965576171875,1.354234218597412,0.293872952461243
3.293146133422852,1.354234218597412,0.293872952461243
3.308773040771484,1.354234218597412,0.293872952461243
3.324378967285156,1.371752500534058,0.301619440317154
3.339986801147461,1.371752500534058,0.301619440317154
3.355674743652344,1.371752500534058,0.301619440317154
3.371252059936523,1.371752500534058,0.301619440317154
3.393413543701172,1.389340043067932,0.311721563339233
3.409061431884766,1.389340043067932,0.311721563339233
3.424709320068359,1.389340043067932,0.311721563339233
3.440319061279297,1.389340043067932,0.311721563339233
3.455959320068359,1.405001640319824,0.319820880889893
3.471578598022461,1.405001640319824,0.319820880889893
3.493736267089844,1.405001640319824,0.319820880889893
3.509361267089844,1.405001640319824,0.319820880889893
3.524993896484375,1.421062350273132,0.324518114328384
3.540662765502930,1.421062350273132,0.324518114328384
3.556259155273438,1.421062350273132,0.324518114328384
3.571908950805664,1.421062350273132,0.324518114328384
3.594074249267578,1.441183447837830,0.329826503992081
3.609735488891602,1.441183447837830,0.329826503992081
3.625337600708008,1.441183447837830,0.329826503992081
3.640968322753906,1.441183447837830,0.329826503992081
3.656583786010742,1.464203238487244,0.334834992885590
3.672260284423828,1.464203238487244,0.334834992885590
3.694444656372070,1.464203238487244,0.334834992885590
3.710069656372070,1.464203238487244,0.334834992885590
3.725700378417969,1.464203238487244,0.334834992885590
3.745584487915039,1.487766385078430,0.341195732355118
3.761232376098633,1.487766385078430,0.341195732355118
3.778867721557617,1.487766385078430,0.341195732355118
3.794515609741211,1.509596705436707,0.345418989658356
3.810134887695312,1.509596705436707,0.345418989658356
3.825763702392578,1.509596705436707,0.345418989658356
3.841444015502930,1.509596705436707,0.345418989658356
3.857021331787109,1.530702114105225,0.345433890819550
3.872638702392578,1.530702114105225,0.345433890819550
3.894823074340820,1.530702114105225,0.345433890819550
3.910436630249023,1.530702114105225,0.345433890819550
3.926059722900391,1.548377037048340,0.343011319637299
3.941690444946289,1.548377037048340,0.343011319637299
3.957321166992188,1.548377037048340,0.343011319637299
3.972927093505859,1.548377037048340,0.343011319637299
3.995115280151367,1.564232587814331,0.340780556201935
4.010746002197266,1.564232587814331,0.340780556201935
4.026369094848633,1.564232587814331,0.340780556201935
4.042022705078125,1.564232587814331,0.340780556201935
4.057676315307617,1.580891370773315,0.339383304119110
4.073234558105469,1.580891370773315,0.339383304119110
4.095457077026367,1.580891370773315,0.339383304119110
4.111078262329102,1.580891370773315,0.339383304119110
4.126680374145508,1.601089596748352,0.339310050010681
4.142293930053711,1.601089596748352,0.339310050010681
4.157983779907227,1.601089596748352,0.339310050010681
4.173606872558594,1.601089596748352,0.339310050010681
4.195793151855469,1.623077630996704,0.343581974506378
4.211418151855469,1.623077630996704,0.343581974506378
4.227048873901367,1.623077630996704,0.343581974506378
4.242671966552734,1.623077630996704,0.343581974506378
4.258306503295898,1.623077630996704,0.343581974506378
4.273975372314453,1.644598603248596,0.351122379302979
4.296197891235352,1.644598603248596,0.351122379302979
4.311801910400391,1.644598603248596,0.351122379302979
4.327386856079102,1.661709070205688,0.360595256090164
4.343017578125000,1.661709070205688,0.360595256090164
4.358667373657227,1.661709070205688,0.360595256090164
4.374317169189453,1.661709070205688,0.360595256090164
4.396572113037109,1.679775357246399,0.374117881059647
4.412158966064453,1.679775357246399,0.374117881059647
4.427791595458984,1.679775357246399,0.374117881059647
4.443414688110352,1.679775357246399,0.374117881059647
4.459093093872070,1.695093035697937,0.383973926305771
4.474689483642578,1.695093035697937,0.383973926305771
4.496971130371094,1.695093035697937,0.383973926305771
4.512567520141602,1.695093035697937,0.383973926305771
4.528158187866211,1.711642146110535,0.391098260879517
4.543785095214844,1.711642146110535,0.391098260879517
4.559408187866211,1.711642146110535,0.391098260879517
4.575071334838867,1.711642146110535,0.391098260879517
4.597351074218750,1.711642146110535,0.391098260879517
4.612951278686523,1.732416749000549,0.399144113063812
4.628547668457031,1.732416749000549,0.399144113063812
4.644166946411133,1.732416749000549,0.399144113063812
4.659788131713867,1.755385756492615,0.407901197671890
4.675418853759766,1.755385756492615,0.407901197671890
4.697633743286133,1.755385756492615,0.407901197671890
4.713190078735352,1.755385756492615,0.407901197671890
4.728853225708008,1.777319312095642,0.416238546371460
4.744449615478516,1.777319312095642,0.416238546371460
4.760070800781250,1.777319312095642,0.416238546371460
4.775707244873047,1.777319312095642,0.416238546371460
4.797935485839844,1.798325896263123,0.422011852264404
4.813493728637695,1.798325896263123,0.422011852264404
4.829156875610352,1.798325896263123,0.422011852264404
4.844739913940430,1.798325896263123,0.422011852264404
4.860370635986328,1.819043874740601,0.423105210065842
4.875989913940430,1.819043874740601,0.423105210065842
4.898223876953125,1.819043874740601,0.423105210065842
4.913850784301758,1.819043874740601,0.423105210065842
4.929418563842773,1.819043874740601,0.423105210065842
4.945878982543945,1.838015317916870,0.421735256910324
4.961551666259766,1.838015317916870,0.421735256910324
4.977149963378906,1.838015317916870,0.421735256910324
4.998332977294922,1.854454636573792,0.421634912490845
5.013956069946289,1.854454636573792,0.421634912490845
5.029575347900391,1.854454636573792,0.421634912490845
5.045181274414062,1.854454636573792,0.421634912490845
5.060842514038086,1.871567130088806,0.421984314918518
5.076431274414062,1.871567130088806,0.421984314918518
5.098619461059570,1.871567130088806,0.421984314918518
5.114288330078125,1.871567130088806,0.421984314918518
5.145534515380859,1.890792250633240,0.423301666975021
5.161109924316406,1.890792250633240,0.423301666975021
5.176755905151367,1.890792250633240,0.423301666975021
5.198961257934570,1.890792250633240,0.423301666975021
5.214569091796875,1.912868976593018,0.428442776203156
5.230175018310547,1.912868976593018,0.428442776203156
5.245811462402344,1.912868976593018,0.428442776203156
5.261453628540039,1.933327555656433,0.435314685106277
5.277040481567383,1.933327555656433,0.435314685106277
5.299211502075195,1.933327555656433,0.435314685106277
5.314851760864258,1.933327555656433,0.435314685106277
5.330476760864258,1.950117588043213,0.444689840078354
5.346092224121094,1.950117588043213,0.444689840078354
5.361740112304688,1.950117588043213,0.444689840078354
5.377330780029297,1.950117588043213,0.444689840078354
5.399539947509766,1.950117588043213,0.444689840078354
5.415138244628906,1.967030405998230,0.457098871469498
5.430809020996094,1.967030405998230,0.457098871469498
5.446382522583008,1.967030405998230,0.457098871469498
5.462034225463867,1.982765913009644,0.468300312757492
5.477626800537109,1.982765913009644,0.468300312757492
5.499811172485352,1.982765913009644,0.468300312757492
5.515457153320312,1.982765913009644,0.468300312757492
5.531059265136719,1.998642206192017,0.476346105337143
5.546703338623047,1.998642206192017,0.476346105337143
5.562334060668945,1.998642206192017,0.476346105337143
5.577953338623047,1.998642206192017,0.476346105337143
5.600183486938477,2.019107341766357,0.485347747802734
5.615745544433594,2.019107341766357,0.485347747802734
5.631401062011719,2.019107341766357,0.485347747802734
5.647005081176758,2.019107341766357,0.485347747802734
5.662677764892578,2.042615890502930,0.495424240827560
5.678295135498047,2.042615890502930,0.495424240827560
5.700489044189453,2.042615890502930,0.495424240827560
5.716091156005859,2.042615890502930,0.495424240827560
5.731737136840820,2.064162969589233,0.506321668624878
5.747362136840820,2.064162969589233,0.506321668624878
5.762969970703125,2.064162969589233,0.506321668624878
5.778591156005859,2.064162969589233,0.506321668624878
5.800804138183594,2.085155725479126,0.514248132705688
5.816427230834961,2.085155725479126,0.514248132705688
5.832006454467773,2.085155725479126,0.514248132705688
5.847675323486328,2.085155725479126,0.514248132705688
5.863269805908203,2.106163740158081,0.517296731472015
5.878858566284180,2.106163740158081,0.517296731472015
5.901071548461914,2.106163740158081,0.517296731472015
5.916650772094727,2.106163740158081,0.517296731472015
5.932273864746094,2.125926733016968,0.518249988555908
5.947942733764648,2.125926733016968,0.518249988555908
5.963531494140625,2.125926733016968,0.518249988555908
5.979145050048828,2.125926733016968,0.518249988555908
6.001310348510742,2.143519639968872,0.519326686859131
6.016954421997070,2.143519639968872,0.519326686859131
6.032558441162109,2.143519639968872,0.519326686859131
6.048248291015625,2.143519639968872,0.519326686859131
6.063827514648438,2.160805225372314,0.521541297435760
6.079479217529297,2.160805225372314,0.521541297435760
6.101665496826172,2.160805225372314,0.521541297435760
6.117332458496094,2.160805225372314,0.521541297435760
6.132957458496094,2.180717468261719,0.524777710437775
6.148582458496094,2.180717468261719,0.524777710437775
6.164163589477539,2.180717468261719,0.524777710437775
6.179767608642578,2.180717468261719,0.524777710437775
6.201938629150391,2.202358484268188,0.530874431133270
6.217620849609375,2.202358484268188,0.530874431133270
6.233198165893555,2.202358484268188,0.530874431133270
6.248855590820312,2.202358484268188,0.530874431133270
6.264446258544922,2.221981048583984,0.539346456527710
6.280088424682617,2.221981048583984,0.539346456527710
6.302274703979492,2.221981048583984,0.539346456527710
6.317899703979492,2.221981048583984,0.539346456527710
6.333526611328125,2.237492799758911,0.549631953239441
6.349149703979492,2.237492799758911,0.549631953239441
6.364772796630859,2.237492799758911,0.549631953239441
6.380441665649414,2.237492799758911,0.549631953239441
6.402627944946289,2.237492799758911,0.549631953239441
6.418270111083984,2.253551244735718,0.563864469528198
6.433877944946289,2.253551244735718,0.563864469528198
6.449499130249023,2.253551244735718,0.563864469528198
6.465167999267578,2.268838882446289,0.577347993850708
6.480792999267578,2.268838882446289,0.577347993850708
6.503019332885742,2.268838882446289,0.577347993850708
6.518598556518555,2.268838882446289,0.577347993850708
6.534215927124023,2.284841775894165,0.588219046592712
6.549844741821289,2.284841775894165,0.588219046592712
6.565486907958984,2.284841775894165,0.588219046592712
6.581138610839844,2.284841775894165,0.588219046592712
6.603361129760742,2.305076837539673,0.599249780178070
6.618947982788086,2.305076837539673,0.599249780178070
6.634588241577148,2.305076837539673,0.599249780178070
6.650197982788086,2.305076837539673,0.599249780178070
6.665798187255859,2.305076837539673,0.599249780178070
6.681442260742188,2.326608180999756,0.610900938510895
6.703643798828125,2.326608180999756,0.610900938510895
6.719249725341797,2.326608180999756,0.610900938510895
6.734891891479492,2.347440719604492,0.623564422130585
6.750497817993164,2.347440719604492,0.623564422130585
6.766120910644531,2.347440719604492,0.623564422130585
6.781740188598633,2.347440719604492,0.623564422130585
6.803947448730469,2.366090774536133,0.632667064666748
6.819549560546875,2.366090774536133,0.632667064666748
6.835170745849609,2.366090774536133,0.632667064666748
6.850797653198242,2.366090774536133,0.632667064666748
6.866416931152344,2.385687589645386,0.638454914093018
6.882062911987305,2.385687589645386,0.638454914093018
6.904235839843750,2.385687589645386,0.638454914093018
6.935548782348633,2.385687589645386,0.638454914093018
6.951143264770508,2.405468463897705,0.640730082988739
6.966751098632812,2.405468463897705,0.640730082988739
6.982353210449219,2.405468463897705,0.640730082988739
7.004550933837891,2.423323154449463,0.643221557140350
7.020143508911133,2.423323154449463,0.643221557140350
7.035814285278320,2.423323154449463,0.643221557140350
7.051387786865234,2.423323154449463,0.643221557140350
7.067016601562500,2.440400600433350,0.647129237651825
7.082637786865234,2.440400600433350,0.647129237651825
7.104848861694336,2.440400600433350,0.647129237651825
7.120429992675781,2.459934949874878,0.651245892047882
7.136098861694336,2.459934949874878,0.651245892047882
7.151674270629883,2.459934949874878,0.651245892047882
7.167301177978516,2.459934949874878,0.651245892047882
7.182920455932617,2.459934949874878,0.651245892047882
7.205139160156250,2.480954647064209,0.659662485122681
7.220699310302734,2.480954647064209,0.659662485122681
7.236341476440430,2.480954647064209,0.659662485122681
7.251966476440430,2.480954647064209,0.659662485122681
7.267639160156250,2.499732255935669,0.669919312000275
7.283258438110352,2.499732255935669,0.669919312000275
7.305467605590820,2.499732255935669,0.669919312000275
7.321058273315430,2.515100479125977,0.681186199188232
7.336668014526367,2.515100479125977,0.681186199188232
7.352291107177734,2.515100479125977,0.681186199188232
7.367897033691406,2.515100479125977,0.681186199188232
7.383539199829102,2.515100479125977,0.681186199188232
7.405727386474609,2.529476165771484,0.696448743343353
7.421348571777344,2.529476165771484,0.696448743343353
7.436992645263672,2.529476165771484,0.696448743343353
7.452598571777344,2.529476165771484,0.696448743343353
7.468202590942383,2.545117616653442,0.710278868675232
7.483846664428711,2.545117616653442,0.710278868675232
7.506074905395508,2.545117616653442,0.710278868675232
7.521697998046875,2.561131477355957,0.720540642738342
7.537273406982422,2.561131477355957,0.720540642738342
7.552904129028320,2.561131477355957,0.720540642738342
7.568529129028320,2.561131477355957,0.720540642738342
7.584152221679688,2.561131477355957,0.720540642738342
7.606351852416992,2.561131477355957,0.720540642738342
7.622003555297852,2.580001115798950,0.733059227466583
7.637580871582031,2.580001115798950,0.733059227466583
7.653203964233398,2.580001115798950,0.733059227466583
7.668827056884766,2.601999759674072,0.747279345989227
7.684476852416992,2.601999759674072,0.747279345989227
7.706686019897461,2.601999759674072,0.747279345989227
7.722290039062500,2.620843648910522,0.762081205844879
7.737941741943359,2.620843648910522,0.762081205844879
7.753582000732422,2.620843648910522,0.762081205844879
7.769176483154297,2.620843648910522,0.762081205844879
7.784780502319336,2.620843648910522,0.762081205844879
7.806978225708008,2.638316631317139,0.773949205875397
7.822614669799805,2.638316631317139,0.773949205875397
7.838239669799805,2.638316631317139,0.773949205875397
7.853807449340820,2.638316631317139,0.773949205875397
7.869485855102539,2.638316631317139,0.773949205875397
7.885091781616211,2.655947446823120,0.780675292015076
7.907327651977539,2.655947446823120,0.780675292015076
7.922893524169922,2.675763368606567,0.784712314605713
7.938535690307617,2.675763368606567,0.784712314605713
7.954139709472656,2.675763368606567,0.784712314605713
7.969787597656250,2.675763368606567,0.784712314605713
7.985410690307617,2.675763368606567,0.784712314605713
8.007621765136719,2.693578243255615,0.788482546806335
8.023221969604492,2.693578243255615,0.788482546806335
8.038869857788086,2.693578243255615,0.788482546806335
8.054498672485352,2.693578243255615,0.788482546806335
8.070074081420898,2.711273908615112,0.793970644474030
8.085699081420898,2.711273908615112,0.793970644474030
8.107925415039062,2.711273908615112,0.793970644474030
8.123521804809570,2.711273908615112,0.793970644474030
8.139173507690430,2.731013774871826,0.800824224948883
8.154798507690430,2.731013774871826,0.800824224948883
8.170392990112305,2.731013774871826,0.800824224948883
8.186044692993164,2.731013774871826,0.800824224948883
8.208225250244141,2.751360416412354,0.809986233711243
8.223876953125000,2.751360416412354,0.809986233711243
8.239490509033203,2.751360416412354,0.809986233711243
8.255083084106445,2.769335508346558,0.821148633956909
8.270719528198242,2.769335508346558,0.821148633956909
8.286344528198242,2.769335508346558,0.821148633956909
8.308557510375977,2.769335508346558,0.821148633956909
8.324136734008789,2.783202171325684,0.832936048507690
8.339780807495117,2.783202171325684,0.832936048507690
8.355428695678711,2.783202171325684,0.832936048507690
8.371007919311523,2.783202171325684,0.832936048507690
8.386676788330078,2.783202171325684,0.832936048507690
8.408845901489258,2.794609785079956,0.847753882408142
8.424530029296875,2.794609785079956,0.847753882408142
8.440153121948242,2.794609785079956,0.847753882408142
8.455732345581055,2.807095766067505,0.863935530185699
8.471353530883789,2.807095766067505,0.863935530185699
8.486968994140625,2.807095766067505,0.863935530185699
8.509178161621094,2.807095766067505,0.863935530185699
8.524814605712891,2.823408365249634,0.875602543354034
8.540445327758789,2.823408365249634,0.875602543354034
8.556022644042969,2.823408365249634,0.875602543354034
8.571647644042969,2.823408365249634,0.875602543354034
8.587270736694336,2.823408365249634,0.875602543354034
8.609464645385742,2.840996026992798,0.889529168605804
8.625101089477539,2.840996026992798,0.889529168605804
8.640743255615234,2.840996026992798,0.889529168605804
8.656309127807617,2.861611843109131,0.905409336090088
8.671991348266602,2.861611843109131,0.905409336090088
8.687616348266602,2.861611843109131,0.905409336090088
8.709814071655273,2.861611843109131,0.905409336090088
8.725440979003906,2.879902362823486,0.920820653438568
8.741090774536133,2.879902362823486,0.920820653438568
8.756692886352539,2.879902362823486,0.920820653438568
8.772336959838867,2.879902362823486,0.920820653438568
8.787918090820312,2.879902362823486,0.920820653438568
8.810108184814453,2.896291732788086,0.934102356433868
8.825757980346680,2.896291732788086,0.934102356433868
8.841356277465820,2.896291732788086,0.934102356433868
8.856941223144531,2.913396596908569,0.942509770393372
8.872604370117188,2.913396596908569,0.942509770393372
8.888254165649414,2.913396596908569,0.942509770393372
8.910429000854492,2.913396596908569,0.942509770393372
8.929109573364258,2.932124853134155,0.948812961578369
8.944744110107422,2.932124853134155,0.948812961578369
8.960367202758789,2.932124853134155,0.948812961578369
8.976007461547852,2.932124853134155,0.948812961578369
8.994653701782227,2.949466943740845,0.954249918460846
9.010292053222656,2.949466943740845,0.954249918460846
9.029041290283203,2.949466943740845,0.954249918460846
9.044715881347656,2.949466943740845,0.954249918460846
9.060337066650391,2.967175483703613,0.960698664188385
9.075925827026367,2.967175483703613,0.960698664188385
9.094669342041016,2.967175483703613,0.960698664188385
9.110342025756836,2.967175483703613,0.960698664188385
9.125968933105469,2.986595153808594,0.968512296676636
9.141618728637695,2.986595153808594,0.968512296676636
9.157243728637695,2.986595153808594,0.968512296676636
9.172851562500000,2.986595153808594,0.968512296676636
9.188491821289062,3.005943536758423,0.980272352695465
9.210649490356445,3.005943536758423,0.980272352695465
9.226297378540039,3.005943536758423,0.980272352695465
9.241943359375000,3.005943536758423,0.980272352695465
9.257568359375000,3.023305416107178,0.992906510829926
9.273172378540039,3.023305416107178,0.992906510829926
9.288820266723633,3.023305416107178,0.992906510829926
9.311002731323242,3.023305416107178,0.992906510829926
9.326610565185547,3.033794164657593,1.005885124206543
9.342248916625977,3.033794164657593,1.005885124206543
9.357862472534180,3.033794164657593,1.005885124206543
9.373485565185547,3.033794164657593,1.005885124206543
9.389175415039062,3.042806863784790,1.022682070732117
9.411352157592773,3.042806863784790,1.022682070732117
9.426942825317383,3.042806863784790,1.022682070732117
9.442577362060547,3.042806863784790,1.022682070732117
9.458250045776367,3.053806543350220,1.040348291397095
9.473880767822266,3.053806543350220,1.040348291397095
9.489475250244141,3.053806543350220,1.040348291397095
9.511646270751953,3.053806543350220,1.040348291397095
9.527265548706055,3.067531585693359,1.054362058639526
9.542928695678711,3.067531585693359,1.054362058639526
9.558523178100586,3.067531585693359,1.054362058639526
9.574201583862305,3.067531585693359,1.054362058639526
9.589813232421875,3.083887815475464,1.070448279380798
9.611982345581055,3.083887815475464,1.070448279380798
9.627637863159180,3.083887815475464,1.070448279380798
9.643264770507812,3.083887815475464,1.070448279380798
9.658855438232422,3.083887815475464,1.070448279380798
9.674543380737305,3.083887815475464,1.070448279380798
9.690166473388672,3.103993654251099,1.088054776191711
9.712390899658203,3.103993654251099,1.088054776191711
9.728012084960938,3.120149612426758,1.105233192443848
9.743637084960938,3.120149612426758,1.105233192443848
9.759290695190430,3.120149612426758,1.105233192443848
9.774887084960938,3.120149612426758,1.105233192443848
9.790538787841797,3.135645389556885,1.119426488876343
9.812705993652344,3.135645389556885,1.119426488876343
9.828365325927734,3.135645389556885,1.119426488876343
9.843952178955078,3.135645389556885,1.119426488876343
9.861581802368164,3.151544332504272,1.130054593086243
9.877229690551758,3.151544332504272,1.130054593086243
9.892848968505859,3.151544332504272,1.130054593086243
9.913036346435547,3.151544332504272,1.130054593086243
9.928665161132812,3.169558763504028,1.137871861457825
9.944253921508789,3.169558763504028,1.137871861457825
9.959877014160156,3.169558763504028,1.137871861457825
9.975513458251953,3.169558763504028,1.137871861457825
9.991138458251953,3.177638292312622,1.145558714866638
10.013317108154297,3.177638292312622,1.145558714866638
10.028961181640625,3.177638292312622,1.145558714866638
10.044559478759766,3.177638292312622,1.145558714866638
10.062753677368164,3.184247016906738,1.154260993003845
10.078424453735352,3.184247016906738,1.154260993003845
10.097562789916992,3.184247016906738,1.154260993003845
10.113264083862305,3.184247016906738,1.154260993003845
10.128864288330078,3.239136695861816,1.164070248603821
10.144445419311523,3.239136695861816,1.164070248603821
10.160106658935547,3.239136695861816,1.164070248603821
10.175701141357422,3.239136695861816,1.164070248603821
10.213600158691406,3.257344007492065,1.177028536796570
10.229175567626953,3.257344007492065,1.177028536796570
10.244813919067383,3.257344007492065,1.177028536796570
10.260459899902344,3.257344007492065,1.177028536796570
10.276062011718750,3.277509927749634,1.191504836082458
10.291711807250977,3.277509927749634,1.191504836082458
10.313877105712891,3.277509927749634,1.191504836082458
10.329551696777344,3.296118497848511,1.204993009567261
10.345163345336914,3.296118497848511,1.204993009567261
10.360748291015625,3.296118497848511,1.204993009567261
10.376417160034180,3.296118497848511,1.204993009567261
10.392038345336914,3.309707164764404,1.220586180686951
10.414316177368164,3.309707164764404,1.220586180686951
10.429916381835938,3.309707164764404,1.220586180686951
10.445512771606445,3.309707164764404,1.220586180686951
10.461156845092773,3.319969654083252,1.237909674644470
10.476747512817383,3.319969654083252,1.237909674644470
10.492439270019531,3.319969654083252,1.237909674644470
10.514663696289062,3.319969654083252,1.237909674644470
10.530261993408203,3.319969654083252,1.237909674644470
10.545890808105469,3.327946901321411,1.253334164619446
10.561470031738281,3.327946901321411,1.253334164619446
10.577098846435547,3.327946901321411,1.253334164619446
10.592756271362305,3.338260412216187,1.269281387329102
10.614925384521484,3.338260412216187,1.269281387329102
10.630529403686523,3.338260412216187,1.269281387329102
10.646192550659180,3.338260412216187,1.269281387329102
10.661775588989258,3.353667974472046,1.287817001342773
10.677404403686523,3.353667974472046,1.287817001342773
10.693061828613281,3.353667974472046,1.287817001342773
10.715270996093750,3.353667974472046,1.287817001342773
10.730899810791016,3.373075962066650,1.305141806602478
10.746496200561523,3.373075962066650,1.305141806602478
10.762126922607422,3.373075962066650,1.305141806602478
10.777713775634766,3.373075962066650,1.305141806602478
10.793329238891602,3.392601013183594,1.320943951606750
10.815519332885742,3.392601013183594,1.320943951606750
10.831188201904297,3.392601013183594,1.320943951606750
10.846786499023438,3.392601013183594,1.320943951606750
10.862367630004883,3.412591934204102,1.331743121147156
10.878000259399414,3.412591934204102,1.331743121147156
10.893623352050781,3.412591934204102,1.331743121147156
10.915794372558594,3.412591934204102,1.331743121147156
10.931484222412109,3.431421279907227,1.340890526771545
10.947069168090820,3.431421279907227,1.340890526771545
10.962694168090820,3.431421279907227,1.340890526771545
10.978284835815430,3.431421279907227,1.340890526771545
10.993946075439453,3.445515394210815,1.350507974624634
11.016134262084961,3.445515394210815,1.350507974624634
11.031803131103516,3.445515394210815,1.350507974624634
11.047428131103516,3.445515394210815,1.350507974624634
11.062999725341797,3.456243515014648,1.360007882118225
11.078622817993164,3.456243515014648,1.360007882118225
11.094242095947266,3.456243515014648,1.360007882118225
11.116455078125000,3.456243515014648,1.360007882118225
11.132095336914062,3.469315052032471,1.370915055274963
11.147672653198242,3.469315052032471,1.370915055274963
11.163318634033203,3.469315052032471,1.370915055274963
11.178941726684570,3.469315052032471,1.370915055274963
11.194526672363281,3.485627174377441,1.384621620178223
11.216760635375977,3.485627174377441,1.384621620178223
11.232355117797852,3.485627174377441,1.384621620178223
11.248006820678711,3.485627174377441,1.384621620178223
11.263603210449219,3.504325389862061,1.400502085685730
11.279188156127930,3.504325389862061,1.400502085685730
11.294847488403320,3.504325389862061,1.400502085685730
11.317077636718750,3.504325389862061,1.400502085685730
11.332677841186523,3.519604682922363,1.414792418479919
11.348325729370117,3.519604682922363,1.414792418479919
11.363925933837891,3.519604682922363,1.414792418479919
11.379550933837891,3.519604682922363,1.414792418479919
11.395132064819336,3.531226396560669,1.431241393089294
11.417345046997070,3.531226396560669,1.431241393089294
11.432907104492188,3.531226396560669,1.431241393089294
11.448593139648438,3.531226396560669,1.431241393089294
11.464216232299805,3.538488388061523,1.450584292411804
11.479776382446289,3.538488388061523,1.450584292411804
11.495397567749023,3.538488388061523,1.450584292411804
11.517608642578125,3.538488388061523,1.450584292411804
11.533231735229492,3.538488388061523,1.450584292411804
11.548849105834961,3.544619560241699,1.466784000396729
11.564479827880859,3.544619560241699,1.466784000396729
11.580076217651367,3.544619560241699,1.466784000396729
11.595674514770508,3.544619560241699,1.466784000396729
11.617933273315430,3.553353309631348,1.484294056892395
11.633562088012695,3.553353309631348,1.484294056892395
11.649152755737305,3.553353309631348,1.484294056892395
11.664806365966797,3.567177534103394,1.504037737846375
11.680393218994141,3.567177534103394,1.504037737846375
11.695987701416016,3.567177534103394,1.504037737846375
11.718193054199219,3.567177534103394,1.504037737846375
11.733819961547852,3.567177534103394,1.504037737846375
11.749395370483398,3.584215879440308,1.523175716400146
11.765068054199219,3.584215879440308,1.523175716400146
11.780677795410156,3.584215879440308,1.523175716400146
11.796297073364258,3.600432395935059,1.540612697601318
11.818500518798828,3.600432395935059,1.540612697601318
11.834152221679688,3.600432395935059,1.540612697601318
11.849721908569336,3.600432395935059,1.540612697601318
11.865400314331055,3.619444608688354,1.554341435432434
11.881002426147461,3.619444608688354,1.554341435432434
11.896619796752930,3.619444608688354,1.554341435432434
11.918790817260742,3.619444608688354,1.554341435432434
11.934432983398438,3.636709928512573,1.565645933151245
11.950054168701172,3.636709928512573,1.565645933151245
11.965724945068359,3.636709928512573,1.565645933151245
11.981304168701172,3.636709928512573,1.565645933151245
11.996948242187500,3.636709928512573,1.565645933151245
12.019109725952148,3.649877309799194,1.577066898345947
12.034749984741211,3.649877309799194,1.577066898345947
12.050374984741211,3.649877309799194,1.577066898345947
12.065980911254883,3.660227298736572,1.588732361793518
12.081668853759766,3.660227298736572,1.588732361793518
12.097265243530273,3.660227298736572,1.588732361793518
12.119489669799805,3.660227298736572,1.588732361793518
12.135051727294922,3.672469377517700,1.601590633392334
12.150691986083984,3.672469377517700,1.601590633392334
12.166307449340820,3.672469377517700,1.601590633392334
12.181989669799805,3.672469377517700,1.601590633392334
12.197608947753906,3.689100503921509,1.615872025489807
12.219839096069336,3.689100503921509,1.615872025489807
12.235399246215820,3.689100503921509,1.615872025489807
12.251039505004883,3.689100503921509,1.615872025489807
12.266693115234375,3.707017660140991,1.631987810134888
12.282291412353516,3.707017660140991,1.631987810134888
12.297914505004883,3.707017660140991,1.631987810134888
12.320119857788086,3.707017660140991,1.631987810134888
12.335725784301758,3.721923112869263,1.646119594573975
12.351318359375000,3.721923112869263,1.646119594573975
12.366949081420898,3.721923112869263,1.646119594573975
12.382553100585938,3.721923112869263,1.646119594573975
12.398241043090820,3.732270717620850,1.661378026008606
12.420490264892578,3.732270717620850,1.661378026008606
12.436071395874023,3.732270717620850,1.661378026008606
12.451675415039062,3.732270717620850,1.661378026008606
12.467319488525391,3.738199234008789,1.681115388870239
12.482940673828125,3.738199234008789,1.681115388870239
12.498565673828125,3.738199234008789,1.681115388870239
12.520744323730469,3.738199234008789,1.681115388870239
12.536418914794922,3.742998123168945,1.699194550514221
12.551992416381836,3.742998123168945,1.699194550514221
12.567668914794922,3.742998123168945,1.699194550514221
12.583246231079102,3.742998123168945,1.699194550514221
12.598888397216797,3.750259160995483,1.718459486961365
12.621049880981445,3.750259160995483,1.718459486961365
12.636741638183594,3.750259160995483,1.718459486961365
12.652341842651367,3.750259160995483,1.718459486961365
12.667922973632812,3.761750221252441,1.740691900253296
12.683612823486328,3.761750221252441,1.740691900253296
12.699209213256836,3.761750221252441,1.740691900253296
12.721424102783203,3.761750221252441,1.740691900253296
12.737068176269531,3.776738166809082,1.761203169822693
12.752691268920898,3.776738166809082,1.761203169822693
12.768272399902344,3.776738166809082,1.761203169822693
12.783941268920898,3.776738166809082,1.761203169822693
12.799503326416016,3.792026996612549,1.780587434768677
12.821746826171875,3.792026996612549,1.780587434768677
12.837318420410156,3.792026996612549,1.780587434768677
12.852949142456055,3.792026996612549,1.780587434768677
12.868553161621094,3.808606863021851,1.794896483421326
12.884241104125977,3.808606863021851,1.794896483421326
12.899866104125977,3.808606863021851,1.794896483421326
12.922100067138672,3.808606863021851,1.794896483421326
12.937658309936523,3.825913906097412,1.807626008987427
12.953346252441406,3.825913906097412,1.807626008987427
12.968954086303711,3.825913906097412,1.807626008987427
12.984548568725586,3.825913906097412,1.807626008987427
13.000219345092773,3.838794946670532,1.819426059722900
13.022436141967773,3.838794946670532,1.819426059722900
13.038036346435547,3.838794946670532,1.819426059722900
13.053678512573242,3.838794946670532,1.819426059722900
13.069257736206055,3.848481655120850,1.832661509513855
13.084901809692383,3.848481655120850,1.832661509513855
13.100551605224609,3.848481655120850,1.832661509513855
13.122804641723633,3.848481655120850,1.832661509513855
13.138385772705078,3.859727382659912,1.847239971160889
13.153989791870117,3.859727382659912,1.847239971160889
13.169654846191406,3.859727382659912,1.847239971160889
13.185239791870117,3.859727382659912,1.847239971160889
13.200925827026367,3.873762130737305,1.863670349121094
13.223112106323242,3.873762130737305,1.863670349121094
13.238716125488281,3.873762130737305,1.863670349121094
13.254341125488281,3.873762130737305,1.863670349121094
13.270009994506836,3.888548612594604,1.881478548049927
13.285633087158203,3.888548612594604,1.881478548049927
13.301206588745117,3.888548612594604,1.881478548049927
13.323394775390625,3.888548612594604,1.881478548049927
13.339000701904297,3.901670455932617,1.896079778671265
13.354621887207031,3.901670455932617,1.896079778671265
13.370292663574219,3.901670455932617,1.896079778671265
13.385917663574219,3.901670455932617,1.896079778671265
13.401514053344727,3.910026073455811,1.911301136016846
13.423704147338867,3.910026073455811,1.911301136016846
13.439298629760742,3.910026073455811,1.911301136016846
13.454931259155273,3.910026073455811,1.911301136016846
13.470569610595703,3.916375398635864,1.920198082923889
13.486223220825195,3.916375398635864,1.920198082923889
13.501779556274414,3.916375398635864,1.920198082923889
13.524009704589844,3.916375398635864,1.920198082923889
13.539606094360352,3.923557758331299,1.917554140090942
13.555213928222656,3.923557758331299,1.917554140090942
13.570854187011719,3.923557758331299,1.917554140090942
13.586507797241211,3.923557758331299,1.917554140090942
13.602111816406250,3.934844732284546,1.917519330978394
13.624340057373047,3.934844732284546,1.917519330978394
13.639936447143555,3.934844732284546,1.917519330978394
13.655538558959961,3.934844732284546,1.917519330978394
13.671182632446289,3.948432207107544,1.920607209205627
13.686836242675781,3.948432207107544,1.920607209205627
13.702455520629883,3.948432207107544,1.920607209205627
13.724603652954102,3.948432207107544,1.920607209205627
13.740234375000000,3.960755348205566,1.925110936164856
13.771543502807617,3.960755348205566,1.925110936164856
13.787137985229492,3.960755348205566,1.925110936164856
13.802793502807617,3.970132350921631,1.928064465522766
13.824956893920898,3.970132350921631,1.928064465522766
13.840576171875000,3.970132350921631,1.928064465522766
13.856250762939453,3.970132350921631,1.928064465522766
13.871871948242188,3.983566761016846,1.928160786628723
13.887434005737305,3.983566761016846,1.928160786628723
13.903121948242188,3.983566761016846,1.928160786628723
13.925348281860352,3.983566761016846,1.928160786628723
13.940994262695312,3.998496055603027,1.926287889480591
13.956590652465820,3.998496055603027,1.926287889480591
13.972242355346680,3.998496055603027,1.926287889480591
13.987819671630859,3.998496055603027,1.926287889480591
14.003471374511719,4.009725570678711,1.924301624298096
14.025663375854492,4.009725570678711,1.924301624298096
14.041313171386719,4.009725570678711,1.924301624298096
14.056892395019531,4.009725570678711,1.924301624298096
14.072559356689453,4.018815994262695,1.926164627075195
14.088140487670898,4.018815994262695,1.926164627075195
14.103759765625000,4.018815994262695,1.926164627075195
14.125930786132812,4.018815994262695,1.926164627075195
14.141548156738281,4.031691074371338,1.927269339561462
14.157173156738281,4.031691074371338,1.927269339561462
14.172843933105469,4.031691074371338,1.927269339561462
14.188419342041016,4.031691074371338,1.927269339561462
14.204057693481445,4.048302650451660,1.926713347434998
14.226255416870117,4.048302650451660,1.926713347434998
14.241880416870117,4.048302650451660,1.926713347434998
14.257532119750977,4.048302650451660,1.926713347434998
14.273126602172852,4.067135334014893,1.923434972763062
14.288780212402344,4.067135334014893,1.923434972763062
14.304359436035156,4.067135334014893,1.923434972763062
14.326515197753906,4.081412315368652,1.919765830039978
14.342140197753906,4.081412315368652,1.919765830039978
14.357814788818359,4.081412315368652,1.919765830039978
14.373424530029297,4.081412315368652,1.919765830039978
14.389064788818359,4.081412315368652,1.919765830039978
14.404687881469727,4.091365337371826,1.917025089263916
14.426849365234375,4.091365337371826,1.917025089263916
14.442466735839844,4.091365337371826,1.917025089263916
14.458150863647461,4.091365337371826,1.917025089263916
14.473773956298828,4.101036548614502,1.915920615196228
14.489370346069336,4.101036548614502,1.915920615196228
14.504974365234375,4.101036548614502,1.915920615196228
14.527137756347656,4.113919258117676,1.917311787605286
14.542793273925781,4.113919258117676,1.917311787605286
14.558439254760742,4.113919258117676,1.917311787605286
14.574018478393555,4.113919258117676,1.917311787605286
14.589622497558594,4.113919258117676,1.917311787605286
14.605308532714844,4.129587650299072,1.920928478240967
14.627458572387695,4.129587650299072,1.920928478240967
14.643119812011719,4.129587650299072,1.920928478240967
14.658746719360352,4.144768238067627,1.928101301193237
14.674398422241211,4.144768238067627,1.928101301193237
14.690021514892578,4.144768238067627,1.928101301193237
14.705593109130859,4.144768238067627,1.928101301193237
14.727754592895508,4.144768238067627,1.928101301193237
14.743415832519531,4.144768238067627,1.928101301193237
14.759048461914062,4.159371376037598,1.934216022491455
14.774688720703125,4.159371376037598,1.934216022491455
14.790315628051758,4.159371376037598,1.934216022491455
14.805912017822266,4.175889492034912,1.937233805656433
14.828134536743164,4.175889492034912,1.937233805656433
14.843725204467773,4.175889492034912,1.937233805656433
14.859411239624023,4.175889492034912,1.937233805656433
14.874986648559570,4.193804264068604,1.936846733093262
14.890615463256836,4.193804264068604,1.936846733093262
14.906221389770508,4.193804264068604,1.936846733093262
14.928369522094727,4.211784362792969,1.934142351150513
14.944028854370117,4.211784362792969,1.934142351150513
14.959653854370117,4.211784362792969,1.934142351150513
14.975278854370117,4.211784362792969,1.934142351150513
14.990884780883789,4.211784362792969,1.934142351150513
15.006507873535156,4.227386474609375,1.932191133499146
15.028652191162109,4.227386474609375,1.932191133499146
15.044277191162109,4.227386474609375,1.932191133499146
15.059940338134766,4.227386474609375,1.932191133499146
15.075567245483398,4.240763187408447,1.933055877685547
15.106773376464844,4.240763187408447,1.933055877685547
15.128934860229492,4.254963874816895,1.932869315147400
15.144538879394531,4.254963874816895,1.932869315147400
15.160175323486328,4.254963874816895,1.932869315147400
15.175830841064453,4.254963874816895,1.932869315147400
15.191465377807617,4.254963874816895,1.932869315147400
15.207092285156250,4.273162841796875,1.930109381675720
15.229282379150391,4.273162841796875,1.930109381675720
15.244884490966797,4.273162841796875,1.930109381675720
15.260480880737305,4.273162841796875,1.930109381675720
15.276153564453125,4.293300151824951,1.928511381149292
15.291736602783203,4.293300151824951,1.928511381149292
15.307401657104492,4.293300151824951,1.928511381149292
15.329593658447266,4.293300151824951,1.928511381149292
15.345180511474609,4.309461593627930,1.927003264427185
15.360784530639648,4.309461593627930,1.927003264427185
15.376434326171875,4.309461593627930,1.927003264427185
15.392036437988281,4.322866916656494,1.923392295837402
15.407722473144531,4.322866916656494,1.923392295837402
15.429904937744141,4.322866916656494,1.923392295837402
15.445499420166016,4.322866916656494,1.923392295837402
15.461124420166016,4.335199356079102,1.922541022300720
15.476732254028320,4.335199356079102,1.922541022300720
15.492401123046875,4.335199356079102,1.922541022300720
15.530300140380859,4.350583076477051,1.924565076828003
15.545881271362305,4.350583076477051,1.924565076828003
15.561506271362305,4.350583076477051,1.924565076828003
15.577133178710938,4.350583076477051,1.924565076828003
15.592815399169922,4.350583076477051,1.924565076828003
15.608417510986328,4.350583076477051,1.924565076828003
15.630676269531250,4.369889259338379,1.929263710975647
15.646263122558594,4.369889259338379,1.929263710975647
15.661918640136719,4.388731479644775,1.936832189559937
15.677541732788086,4.388731479644775,1.936832189559937
15.693168640136719,4.388731479644775,1.936832189559937
15.708801269531250,4.388731479644775,1.936832189559937
15.731075286865234,4.408178806304932,1.942444801330566
15.746669769287109,4.408178806304932,1.942444801330566
15.762306213378906,4.408178806304932,1.942444801330566
15.777919769287109,4.408178806304932,1.942444801330566
15.793506622314453,4.429588317871094,1.944710016250610
15.809194564819336,4.429588317871094,1.944710016250610
15.831378936767578,4.429588317871094,1.944710016250610
15.846998214721680,4.429588317871094,1.944710016250610
15.862640380859375,4.450434684753418,1.944196343421936
15.878261566162109,4.450434684753418,1.944196343421936
15.893884658813477,4.450434684753418,1.944196343421936
15.909540176391602,4.450434684753418,1.944196343421936
15.931772232055664,4.471186637878418,1.940490484237671
15.947397232055664,4.471186637878418,1.940490484237671
15.962953567504883,4.471186637878418,1.940490484237671
15.978612899780273,4.471186637878418,1.940490484237671
15.994201660156250,4.489154338836670,1.938547253608704
16.009862899780273,4.489154338836670,1.938547253608704
16.032028198242188,4.489154338836670,1.938547253608704
16.047721862792969,4.489154338836670,1.938547253608704
16.063291549682617,4.504084587097168,1.938256978988647
16.078950881958008,4.504084587097168,1.938256978988647
16.094562530517578,4.504084587097168,1.938256978988647
16.110189437866211,4.504084587097168,1.938256978988647
16.132394790649414,4.520980834960938,1.938940644264221
16.147977828979492,4.520980834960938,1.938940644264221
16.163640975952148,4.520980834960938,1.938940644264221
16.179265975952148,4.520980834960938,1.938940644264221
16.194866180419922,4.541638374328613,1.939042091369629
16.210512161254883,4.541638374328613,1.939042091369629
16.232696533203125,4.541638374328613,1.939042091369629
16.248317718505859,4.541638374328613,1.939042091369629
16.263988494873047,4.563807964324951,1.935450792312622
16.279544830322266,4.563807964324951,1.935450792312622
16.295196533203125,4.563807964324951,1.935450792312622
16.310808181762695,4.563807964324951,1.935450792312622
16.332994461059570,4.583529472351074,1.930979728698730
16.348613739013672,4.583529472351074,1.930979728698730
16.364286422729492,4.583529472351074,1.930979728698730
16.379890441894531,4.583529472351074,1.930979728698730
16.395467758178711,4.598657608032227,1.927221059799194
16.411094665527344,4.598657608032227,1.927221059799194
16.433322906494141,4.598657608032227,1.927221059799194
16.448925018310547,4.598657608032227,1.927221059799194
16.464569091796875,4.612781524658203,1.925795316696167
16.480176925659180,4.612781524658203,1.925795316696167
16.495796203613281,4.612781524658203,1.925795316696167
16.511379241943359,4.612781524658203,1.925795316696167
16.533596038818359,4.612781524658203,1.925795316696167
16.549186706542969,4.629858970642090,1.927784442901611
16.564842224121094,4.629858970642090,1.927784442901611
16.580400466918945,4.629858970642090,1.927784442901611
16.596061706542969,4.649683475494385,1.931976914405823
16.611684799194336,4.649683475494385,1.931976914405823
16.633899688720703,4.649683475494385,1.931976914405823
16.649461746215820,4.649683475494385,1.931976914405823
16.665145874023438,4.671884536743164,1.939022302627563
16.680709838867188,4.671884536743164,1.939022302627563
16.696365356445312,4.671884536743164,1.939022302627563
16.711986541748047,4.671884536743164,1.939022302627563
16.734153747558594,4.695581436157227,1.943764209747314
16.749778747558594,4.695581436157227,1.943764209747314
16.765420913696289,4.695581436157227,1.943764209747314
16.781030654907227,4.695581436157227,1.943764209747314
16.796634674072266,4.719186782836914,1.944028496742249
16.812301635742188,4.719186782836914,1.944028496742249
16.834506988525391,4.719186782836914,1.944028496742249
16.850160598754883,4.719186782836914,1.944028496742249
16.865756988525391,4.743115425109863,1.941522836685181
16.881406784057617,4.743115425109863,1.941522836685181
16.896999359130859,4.743115425109863,1.941522836685181
16.912628173828125,4.743115425109863,1.941522836685181
16.934831619262695,4.764654159545898,1.935745596885681
16.950483322143555,4.764654159545898,1.935745596885681
16.966108322143555,4.764654159545898,1.935745596885681
16.981678009033203,4.764654159545898,1.935745596885681
16.997297286987305,4.784057617187500,1.932473063468933
17.012912750244141,4.784057617187500,1.932473063468933
17.035085678100586,4.784057617187500,1.932473063468933
17.050771713256836,4.784057617187500,1.932473063468933
17.066396713256836,4.784057617187500,1.932473063468933
17.081993103027344,4.800960063934326,1.931892991065979
