time,x,y
0.000000000000000,0.632893621921539,1.045542955398560
0.031248092651367,0.632893621921539,1.045542955398560
0.059944152832031,0.634884774684906,1.045681953430176
0.075565338134766,0.634884774684906,1.045681953430176
0.091226577758789,0.634884774684906,1.045681953430176
0.106807708740234,0.634884774684906,1.045681953430176
0.122491836547852,0.637043118476868,1.045581221580505
0.138097763061523,0.637043118476868,1.045581221580505
0.160312652587891,0.637043118476868,1.045581221580505
0.175878524780273,0.637043118476868,1.045581221580505
0.191560745239258,0.636662006378174,1.045539259910583
0.207120895385742,0.636662006378174,1.045539259910583
0.222808837890625,0.636662006378174,1.045539259910583
0.238399505615234,0.636662006378174,1.045539259910583
0.260618209838867,0.631369411945343,1.039148926734924
0.291803359985352,0.631369411945343,1.039148926734924
0.307420730590820,0.631369411945343,1.039148926734924
0.323043823242188,0.623363375663757,1.035769701004028
0.338682174682617,0.623363375663757,1.035769701004028
0.360847473144531,0.623363375663757,1.035769701004028
0.376504898071289,0.623363375663757,1.035769701004028
0.392145156860352,0.624181270599365,1.037138104438782
0.407749176025391,0.624181270599365,1.037138104438782
0.423391342163086,0.624181270599365,1.037138104438782
0.438959121704102,0.624181270599365,1.037138104438782
0.461172103881836,0.636293590068817,1.039010882377625
0.476766586303711,0.636293590068817,1.039010882377625
0.492372512817383,0.636293590068817,1.039010882377625
0.508043289184570,0.636293590068817,1.039010882377625
0.523607254028320,0.649354517459869,1.042462229728699
0.539293289184570,0.649354517459869,1.042462229728699
0.561002731323242,0.649354517459869,1.042462229728699
0.576622009277344,0.649354517459869,1.042462229728699
0.592250823974609,0.660135209560394,1.047941684722900
0.607818603515625,0.660135209560394,1.047941684722900
0.623498916625977,0.660135209560394,1.047941684722900
0.639087677001953,0.660135209560394,1.047941684722900
0.661300659179688,0.669501662254333,1.055519104003906
0.676912307739258,0.669501662254333,1.055519104003906
0.692546844482422,0.669501662254333,1.055519104003906
0.708112716674805,0.669501662254333,1.055519104003906
0.723794937133789,0.679824113845825,1.065050840377808
0.739351272583008,0.679824113845825,1.065050840377808
0.761562347412109,0.679824113845825,1.065050840377808
0.777185440063477,0.679824113845825,1.065050840377808
0.792810440063477,0.688296437263489,1.074073910713196
0.808380126953125,0.688296437263489,1.074073910713196
0.824058532714844,0.688296437263489,1.074073910713196
0.839651107788086,0.688296437263489,1.074073910713196
0.861862182617188,0.688296437263489,1.074073910713196
0.877420425415039,0.697212278842926,1.080936551094055
0.893110275268555,0.697212278842926,1.080936551094055
0.908720016479492,0.697212278842926,1.080936551094055
0.924360275268555,0.708745300769806,1.086695313453674
0.939962387084961,0.708745300769806,1.086695313453674
0.962169647216797,0.708745300769806,1.086695313453674
0.977725982666016,0.708745300769806,1.086695313453674
0.993417739868164,0.725358366966248,1.092701554298401
1.009040832519531,0.725358366966248,1.092701554298401
1.024660110473633,0.725358366966248,1.092701554298401
1.040239334106445,0.725358366966248,1.092701554298401
1.062454223632812,0.742876708507538,1.097278118133545
1.078014373779297,0.742876708507538,1.097278118133545
1.093700408935547,0.742876708507538,1.097278118133545
1.109306335449219,0.742876708507538,1.097278118133545
1.124910354614258,0.760178029537201,1.100126981735229
1.140571594238281,0.760178029537201,1.100126981735229
1.162786483764648,0.760178029537201,1.100126981735229
1.178403854370117,0.760178029537201,1.100126981735229
1.194000244140625,0.774795889854431,1.101180076599121
1.209604263305664,0.774795889854431,1.101180076599121
1.225219726562500,0.774795889854431,1.101180076599121
1.240903854370117,0.774795889854431,1.101180076599121
1.263122558593750,0.789977252483368,1.099957704544067
1.278715133666992,0.789977252483368,1.099957704544067
1.294307708740234,0.789977252483368,1.099957704544067
1.309967041015625,0.789977252483368,1.099957704544067
1.325588226318359,0.800175011157990,1.099315285682678
1.341188430786133,0.800175011157990,1.099315285682678
1.363397598266602,0.800175011157990,1.099315285682678
1.379024505615234,0.800175011157990,1.099315285682678
1.394588470458984,0.810102760791779,1.100703358650208
1.410266876220703,0.810102760791779,1.100703358650208
1.425891876220703,0.810102760791779,1.100703358650208
1.441469192504883,0.810102760791779,1.100703358650208
1.463655471801758,0.824175357818604,1.102412223815918
1.479305267333984,0.824175357818604,1.102412223815918
1.494867324829102,0.824175357818604,1.102412223815918
1.510530471801758,0.824175357818604,1.102412223815918
1.526178359985352,0.843450427055359,1.103879451751709
1.541786193847656,0.843450427055359,1.103879451751709
1.563945770263672,0.843450427055359,1.103879451751709
1.579626083374023,0.843450427055359,1.103879451751709
1.595226287841797,0.864811658859253,1.107516407966614
1.610872268676758,0.864811658859253,1.107516407966614
1.626495361328125,0.864811658859253,1.107516407966614
1.642063140869141,0.864811658859253,1.107516407966614
1.664216995239258,0.883003413677216,1.111779928207397
1.679906845092773,0.883003413677216,1.111779928207397
1.695499420166016,0.883003413677216,1.111779928207397
1.711101531982422,0.883003413677216,1.111779928207397
1.726770401000977,0.900790870189667,1.119154930114746
1.742343902587891,0.900790870189667,1.119154930114746
1.764497756958008,0.900790870189667,1.119154930114746
1.780158996582031,0.900790870189667,1.119154930114746
1.795763015747070,0.915433585643768,1.128036379814148
1.811410903930664,0.915433585643768,1.128036379814148
1.827054977416992,0.915433585643768,1.128036379814148
1.842617034912109,0.915433585643768,1.128036379814148
1.864828109741211,0.915433585643768,1.128036379814148
1.880426406860352,0.927186489105225,1.134968876838684
1.896053314208984,0.927186489105225,1.134968876838684
1.911649703979492,0.927186489105225,1.134968876838684
1.927324295043945,0.940842807292938,1.140606760978699
1.942884445190430,0.940842807292938,1.140606760978699
1.965095520019531,0.940842807292938,1.140606760978699
1.980661392211914,0.940842807292938,1.140606760978699
1.996341705322266,0.960474610328674,1.146033883094788
2.011911392211914,0.960474610328674,1.146033883094788
2.027591705322266,0.960474610328674,1.146033883094788
2.043169021606445,0.960474610328674,1.146033883094788
2.065376281738281,0.982202470302582,1.149015426635742
2.080944061279297,0.982202470302582,1.149015426635742
2.096628189086914,0.982202470302582,1.149015426635742
2.112188339233398,0.982202470302582,1.149015426635742
2.127872467041016,1.004121661186218,1.150621175765991
2.143501281738281,1.004121661186218,1.150621175765991
2.165712356567383,1.004121661186218,1.150621175765991
2.181282043457031,1.004121661186218,1.150621175765991
2.196958541870117,1.024446010589600,1.149224281311035
2.212558746337891,1.024446010589600,1.149224281311035
2.228160858154297,1.024446010589600,1.149224281311035
2.243829727172852,1.024446010589600,1.149224281311035
2.266042709350586,1.043580055236816,1.145307302474976
2.281621932983398,1.043580055236816,1.145307302474976
2.297285079956055,1.043580055236816,1.145307302474976
2.312913894653320,1.043580055236816,1.145307302474976
2.328474044799805,1.058556556701660,1.141817688941956
2.344161987304688,1.058556556701660,1.141817688941956
2.365873336791992,1.058556556701660,1.141817688941956
2.381439208984375,1.058556556701660,1.141817688941956
2.397123336791992,1.072476029396057,1.140004754066467
2.412687301635742,1.072476029396057,1.140004754066467
2.428371429443359,1.072476029396057,1.140004754066467
2.443946838378906,1.072476029396057,1.140004754066467
2.466157913208008,1.088718414306641,1.139320135116577
2.481725692749023,1.088718414306641,1.139320135116577
2.497377395629883,1.088718414306641,1.139320135116577
2.513027191162109,1.088718414306641,1.139320135116577
2.528648376464844,1.109409093856812,1.137797951698303
2.544281005859375,1.109409093856812,1.137797951698303
2.566495895385742,1.109409093856812,1.137797951698303
2.582061767578125,1.109409093856812,1.137797951698303
2.597696304321289,1.132117033004761,1.139417767524719
2.613340377807617,1.132117033004761,1.139417767524719
2.628925323486328,1.132117033004761,1.139417767524719
2.644613265991211,1.132117033004761,1.139417767524719
2.666824340820312,1.152769207954407,1.141434550285339
2.682447433471680,1.152769207954407,1.141434550285339
2.698034286499023,1.152769207954407,1.141434550285339
2.713697433471680,1.152769207954407,1.141434550285339
2.729293823242188,1.172737002372742,1.147418022155762
2.744899749755859,1.172737002372742,1.147418022155762
2.767107009887695,1.172737002372742,1.147418022155762
2.782732009887695,1.172737002372742,1.147418022155762
2.798299789428711,1.190111756324768,1.155485868453979
2.813936233520508,1.190111756324768,1.155485868453979
2.829591751098633,1.190111756324768,1.155485868453979
2.845228195190430,1.190111756324768,1.155485868453979
2.867408752441406,1.204442977905273,1.161490917205811
2.883068084716797,1.204442977905273,1.161490917205811
2.898674011230469,1.204442977905273,1.161490917205811
2.914316177368164,1.204442977905273,1.161490917205811
2.929916381835938,1.220180869102478,1.166432619094849
2.945501327514648,1.220180869102478,1.166432619094849
2.967655181884766,1.220180869102478,1.166432619094849
2.983337402343750,1.242075443267822,1.170000672340393
2.998943328857422,1.242075443267822,1.170000672340393
3.014539718627930,1.242075443267822,1.170000672340393
3.030210494995117,1.242075443267822,1.170000672340393
3.045772552490234,1.242075443267822,1.170000672340393
3.067926406860352,1.242075443267822,1.170000672340393
3.083606719970703,1.265557408332825,1.172451376914978
3.099229812622070,1.265557408332825,1.172451376914978
3.114797592163086,1.265557408332825,1.172451376914978
3.130479812622070,1.288950800895691,1.173335790634155
3.146072387695312,1.288950800895691,1.173335790634155
3.168292999267578,1.288950800895691,1.173335790634155
3.183910369873047,1.310452342033386,1.171857595443726
3.199539184570312,1.310452342033386,1.171857595443726
3.215105056762695,1.310452342033386,1.171857595443726
3.230787277221680,1.310452342033386,1.171857595443726
3.246412277221680,1.310452342033386,1.171857595443726
3.268625259399414,1.330130696296692,1.165864825248718
3.299873352050781,1.330130696296692,1.165864825248718
3.315479278564453,1.330130696296692,1.165864825248718
3.331077575683594,1.330130696296692,1.165864825248718
3.346748352050781,1.348644614219666,1.160797595977783
3.368898391723633,1.348644614219666,1.160797595977783
3.384569168090820,1.364592432975769,1.158660769462585
3.400215148925781,1.364592432975769,1.158660769462585
3.415838241577148,1.364592432975769,1.158660769462585
3.431400299072266,1.364592432975769,1.158660769462585
3.447021484375000,1.364592432975769,1.158660769462585
3.469175338745117,1.381657242774963,1.156410694122314
3.484861373901367,1.381657242774963,1.156410694122314
3.500425338745117,1.381657242774963,1.156410694122314
3.516111373901367,1.402859807014465,1.153909325599670
3.531669616699219,1.402859807014465,1.153909325599670
3.547357559204102,1.402859807014465,1.153909325599670
3.569511413574219,1.402859807014465,1.153909325599670
3.585151672363281,1.402859807014465,1.153909325599670
3.600767135620117,1.402859807014465,1.153909325599670
3.616397857666016,1.426298737525940,1.153556942939758
3.632070541381836,1.426298737525940,1.153556942939758
3.647659301757812,1.426298737525940,1.153556942939758
3.669818878173828,1.447434544563293,1.154550433158875
3.685461044311523,1.447434544563293,1.154550433158875
3.701082229614258,1.447434544563293,1.154550433158875
3.716703414916992,1.447434544563293,1.154550433158875
3.732374191284180,1.468181133270264,1.160008311271667
3.747934341430664,1.468181133270264,1.160008311271667
3.770112991333008,1.468181133270264,1.160008311271667
3.785701751708984,1.487409710884094,1.167564153671265
3.816959381103516,1.487409710884094,1.167564153671265
3.832595825195312,1.487409710884094,1.167564153671265
3.848209381103516,1.487409710884094,1.167564153671265
3.870365142822266,1.503533005714417,1.173383712768555
3.885988235473633,1.503533005714417,1.173383712768555
3.901670455932617,1.503533005714417,1.173383712768555
3.917234420776367,1.520770311355591,1.177802443504333
3.932872772216797,1.520770311355591,1.177802443504333
3.948513031005859,1.520770311355591,1.177802443504333
3.970689773559570,1.520770311355591,1.177802443504333
3.986276626586914,1.543278217315674,1.180882334709167
4.001968383789062,1.543278217315674,1.180882334709167
4.017576217651367,1.543278217315674,1.180882334709167
4.033216476440430,1.543278217315674,1.180882334709167
4.048839569091797,1.567355394363403,1.181870102882385
4.071029663085938,1.567355394363403,1.181870102882385
4.086624145507812,1.567355394363403,1.181870102882385
4.102237701416016,1.567355394363403,1.181870102882385
4.117931365966797,1.589443922042847,1.183019876480103
4.133529663085938,1.589443922042847,1.183019876480103
4.149177551269531,1.589443922042847,1.183019876480103
4.171325683593750,1.589443922042847,1.183019876480103
4.186962127685547,1.610792517662048,1.179769158363342
4.202581405639648,1.610792517662048,1.179769158363342
4.218219757080078,1.610792517662048,1.179769158363342
4.233823776245117,1.610792517662048,1.179769158363342
4.249469757080078,1.610792517662048,1.179769158363342
4.271625518798828,1.631693601608276,1.173004984855652
4.287271499633789,1.631693601608276,1.173004984855652
4.302869796752930,1.631693601608276,1.173004984855652
4.318552017211914,1.648918390274048,1.167244672775269
4.334175109863281,1.648918390274048,1.167244672775269
4.349779129028320,1.648918390274048,1.167244672775269
4.371948242187500,1.648918390274048,1.167244672775269
4.387609481811523,1.667032599449158,1.163607358932495
4.403194427490234,1.667032599449158,1.163607358932495
4.418886184692383,1.667032599449158,1.163607358932495
4.450077056884766,1.685501217842102,1.160693049430847
4.472330093383789,1.685501217842102,1.160693049430847
4.487915039062500,1.685501217842102,1.160693049430847
4.503549575805664,1.685501217842102,1.160693049430847
4.519165039062500,1.707243680953979,1.156146883964539
4.534854888916016,1.707243680953979,1.156146883964539
4.550420761108398,1.707243680953979,1.156146883964539
4.572681427001953,1.707243680953979,1.156146883964539
4.588266372680664,1.730047106742859,1.153486013412476
4.603918075561523,1.730047106742859,1.153486013412476
4.619543075561523,1.730047106742859,1.153486013412476
4.635150909423828,1.730047106742859,1.153486013412476
4.650775909423828,1.751214981079102,1.153407096862793
4.672960281372070,1.751214981079102,1.153407096862793
4.688562393188477,1.751214981079102,1.153407096862793
4.704223632812500,1.751214981079102,1.153407096862793
4.719818115234375,1.772187590599060,1.156211614608765
4.735498428344727,1.772187590599060,1.156211614608765
4.751125335693359,1.772187590599060,1.156211614608765
4.773300170898438,1.772187590599060,1.156211614608765
4.788944244384766,1.792859315872192,1.163694620132446
4.804536819458008,1.792859315872192,1.163694620132446
4.820165634155273,1.792859315872192,1.163694620132446
4.835788726806641,1.792859315872192,1.163694620132446
4.851470947265625,1.810640454292297,1.169469237327576
4.873685836791992,1.810640454292297,1.169469237327576
4.889318466186523,1.810640454292297,1.169469237327576
4.904888153076172,1.810640454292297,1.169469237327576
4.920501708984375,1.828931093215942,1.172850489616394
4.936155319213867,1.828931093215942,1.172850489616394
4.951759338378906,1.828931093215942,1.172850489616394
4.973932266235352,1.828931093215942,1.172850489616394
4.989572525024414,1.851595640182495,1.176430225372314
5.005205154418945,1.851595640182495,1.176430225372314
5.020832061767578,1.851595640182495,1.176430225372314
5.036432266235352,1.851595640182495,1.176430225372314
5.052112579345703,1.875444769859314,1.177581548690796
5.074319839477539,1.875444769859314,1.177581548690796
5.089975357055664,1.875444769859314,1.177581548690796
5.105602264404297,1.875444769859314,1.177581548690796
5.121181488037109,1.898498773574829,1.177358150482178
5.136819839477539,1.898498773574829,1.177358150482178
5.152437210083008,1.898498773574829,1.177358150482178
5.174722671508789,1.898498773574829,1.177358150482178
5.190345764160156,1.920184254646301,1.173394680023193
5.205968856811523,1.920184254646301,1.173394680023193
5.221565246582031,1.920184254646301,1.173394680023193
5.237165451049805,1.920184254646301,1.173394680023193
5.252811431884766,1.920184254646301,1.173394680023193
5.274997711181641,1.939927101135254,1.166111111640930
5.290605545043945,1.939927101135254,1.166111111640930
5.306234359741211,1.939927101135254,1.166111111640930
5.321857452392578,1.958328723907471,1.159403324127197
5.337511062622070,1.958328723907471,1.159403324127197
5.353105545043945,1.958328723907471,1.159403324127197
5.375337600708008,1.958328723907471,1.159403324127197
5.390899658203125,1.976223230361938,1.156423687934875
5.406528472900391,1.976223230361938,1.156423687934875
5.422180175781250,1.976223230361938,1.156423687934875
5.437803268432617,1.976223230361938,1.156423687934875
5.453426361083984,1.995058417320251,1.153194427490234
5.475595474243164,1.995058417320251,1.153194427490234
5.491260528564453,1.995058417320251,1.153194427490234
5.506843566894531,1.995058417320251,1.153194427490234
5.522508621215820,2.016032457351685,1.149546504020691
5.538074493408203,2.016032457351685,1.149546504020691
5.553703308105469,2.016032457351685,1.149546504020691
5.575933456420898,2.016032457351685,1.149546504020691
5.591493606567383,2.038864374160767,1.148065805435181
5.607177734375000,2.038864374160767,1.148065805435181
5.622802734375000,2.038864374160767,1.148065805435181
5.638399124145508,2.038864374160767,1.148065805435181
5.653991699218750,2.060014963150024,1.148088216781616
5.676208496093750,2.060014963150024,1.148088216781616
5.691831588745117,2.060014963150024,1.148088216781616
5.707406997680664,2.060014963150024,1.148088216781616
5.723077774047852,2.079169034957886,1.152099490165710
5.738645553588867,2.079169034957886,1.152099490165710
5.754297256469727,2.079169034957886,1.152099490165710
5.776504516601562,2.079169034957886,1.152099490165710
5.792129516601562,2.100198507308960,1.159162878990173
5.807689666748047,2.100198507308960,1.159162878990173
5.823341369628906,2.100198507308960,1.159162878990173
5.838979721069336,2.100198507308960,1.159162878990173
5.854568481445312,2.117962360382080,1.165286421775818
5.876781463623047,2.117962360382080,1.165286421775818
5.892421722412109,2.117962360382080,1.165286421775818
5.907978057861328,2.117962360382080,1.165286421775818
5.923673629760742,2.136693477630615,1.169497370719910
5.939271926879883,2.136693477630615,1.169497370719910
5.954854965209961,2.136693477630615,1.169497370719910
5.977029800415039,2.136693477630615,1.169497370719910
5.992691040039062,2.136693477630615,1.169497370719910
6.008256912231445,2.159975051879883,1.171866536140442
6.023880004882812,2.159975051879883,1.171866536140442
6.039533615112305,2.159975051879883,1.171866536140442
6.055128097534180,2.183956146240234,1.172519087791443
6.077350616455078,2.183956146240234,1.172519087791443
6.093040466308594,2.183956146240234,1.172519087791443
6.108665466308594,2.183956146240234,1.172519087791443
6.124288558959961,2.207631587982178,1.172803044319153
6.139913558959961,2.207631587982178,1.172803044319153
6.155475616455078,2.207631587982178,1.172803044319153
6.177631378173828,2.207631587982178,1.172803044319153
6.193311691284180,2.227458477020264,1.170546531677246
6.208919525146484,2.227458477020264,1.170546531677246
6.224491119384766,2.227458477020264,1.170546531677246
6.240182876586914,2.227458477020264,1.170546531677246
6.255779266357422,2.247285842895508,1.164593100547791
6.277969360351562,2.247285842895508,1.164593100547791
6.293613433837891,2.247285842895508,1.164593100547791
6.309236526489258,2.247285842895508,1.164593100547791
6.324802398681641,2.247285842895508,1.164593100547791
6.340482711791992,2.265293598175049,1.158445358276367
6.356046676635742,2.265293598175049,1.158445358276367
6.378255844116211,2.265293598175049,1.158445358276367
6.393880844116211,2.283740758895874,1.155560493469238
6.409502029418945,2.283740758895874,1.155560493469238
6.425071716308594,2.283740758895874,1.155560493469238
6.440750122070312,2.283740758895874,1.155560493469238
6.456310272216797,2.302624940872192,1.152895331382751
6.478523254394531,2.302624940872192,1.152895331382751
6.494144439697266,2.302624940872192,1.152895331382751
6.509765625000000,2.302624940872192,1.152895331382751
6.525335311889648,2.324298620223999,1.148069381713867
6.541017532348633,2.324298620223999,1.148069381713867
6.556606292724609,2.324298620223999,1.148069381713867
6.578819274902344,2.324298620223999,1.148069381713867
6.594406127929688,2.346638202667236,1.146334767341614
6.610065460205078,2.346638202667236,1.146334767341614
6.625644683837891,2.346638202667236,1.146334767341614
6.641315460205078,2.346638202667236,1.146334767341614
6.656938552856445,2.367074489593506,1.145716786384583
6.679149627685547,2.367074489593506,1.145716786384583
6.694717407226562,2.367074489593506,1.145716786384583
6.710397720336914,2.367074489593506,1.145716786384583
6.725990295410156,2.385889053344727,1.148909926414490
6.741594314575195,2.385889053344727,1.148909926414490
6.757263183593750,2.385889053344727,1.148909926414490
6.779476165771484,2.385889053344727,1.148909926414490
6.795082092285156,2.406202077865601,1.156164884567261
6.810720443725586,2.406202077865601,1.156164884567261
6.826349258422852,2.406202077865601,1.156164884567261
6.841911315917969,2.406202077865601,1.156164884567261
6.857597351074219,2.424745321273804,1.162761688232422
6.879810333251953,2.424745321273804,1.162761688232422
6.895431518554688,2.424745321273804,1.162761688232422
6.911029815673828,2.424745321273804,1.162761688232422
6.926681518554688,2.424745321273804,1.162761688232422
6.942247390747070,2.443785190582275,1.167561054229736
6.957881927490234,2.443785190582275,1.167561054229736
6.980094909667969,2.443785190582275,1.167561054229736
6.995718002319336,2.467696666717529,1.171210527420044
7.011283874511719,2.467696666717529,1.171210527420044
7.026966094970703,2.467696666717529,1.171210527420044
7.042570114135742,2.467696666717529,1.171210527420044
7.058212280273438,2.492272615432739,1.172288060188293
7.080406188964844,2.492272615432739,1.172288060188293
7.096061706542969,2.492272615432739,1.172288060188293
7.111648559570312,2.492272615432739,1.172288060188293
7.127309799194336,2.513942241668701,1.172801852226257
7.142957687377930,2.513942241668701,1.172801852226257
7.158531188964844,2.513942241668701,1.172801852226257
7.180688858032227,2.513942241668701,1.172801852226257
7.196327209472656,2.533485889434814,1.170710682868958
7.211950302124023,2.533485889434814,1.170710682868958
7.227615356445312,2.533485889434814,1.170710682868958
7.243244171142578,2.533485889434814,1.170710682868958
7.258808135986328,2.552494287490845,1.164556622505188
7.280969619750977,2.552494287490845,1.164556622505188
7.296644210815430,2.552494287490845,1.164556622505188
7.312211990356445,2.552494287490845,1.164556622505188
7.327898025512695,2.571033239364624,1.159251809120178
7.343521118164062,2.571033239364624,1.159251809120178
7.359086990356445,2.571033239364624,1.159251809120178
7.381240844726562,2.571033239364624,1.159251809120178
7.396926879882812,2.589179039001465,1.156625151634216
7.412527084350586,2.589179039001465,1.156625151634216
7.428112030029297,2.589179039001465,1.156625151634216
7.443798065185547,2.589179039001465,1.156625151634216
7.459365844726562,2.608839750289917,1.153919577598572
7.481515884399414,2.608839750289917,1.153919577598572
7.497175216674805,2.608839750289917,1.153919577598572
7.512794494628906,2.608839750289917,1.153919577598572
7.528423309326172,2.630057334899902,1.150785446166992
7.544050216674805,2.630057334899902,1.150785446166992
7.559646606445312,2.630057334899902,1.150785446166992
7.581855773925781,2.630057334899902,1.150785446166992
7.597503662109375,2.653510332107544,1.148924231529236
7.613128662109375,2.653510332107544,1.148924231529236
7.628700256347656,2.653510332107544,1.148924231529236
7.644376754760742,2.653510332107544,1.148924231529236
7.659999847412109,2.672976970672607,1.149314403533936
7.682205200195312,2.672976970672607,1.149314403533936
7.697769165039062,2.672976970672607,1.149314403533936
7.713451385498047,2.672976970672607,1.149314403533936
7.729013442993164,2.692002534866333,1.152994632720947
7.744667053222656,2.692002534866333,1.152994632720947
7.760301589965820,2.692002534866333,1.152994632720947
7.782484054565430,2.692002534866333,1.152994632720947
7.798093795776367,2.711121797561646,1.159202218055725
7.813781738281250,2.711121797561646,1.159202218055725
7.829389572143555,2.711121797561646,1.159202218055725
7.845029830932617,2.711121797561646,1.159202218055725
7.860652923583984,2.730703353881836,1.165170907974243
7.882867813110352,2.730703353881836,1.165170907974243
7.898471832275391,2.730703353881836,1.165170907974243
7.914113998413086,2.730703353881836,1.165170907974243
7.929742813110352,2.750438213348389,1.169460892677307
7.945302963256836,2.750438213348389,1.169460892677307
7.960983276367188,2.750438213348389,1.169460892677307
7.983188629150391,2.750438213348389,1.169460892677307
7.998821258544922,2.773844003677368,1.172164797782898
8.014390945434570,2.773844003677368,1.172164797782898
8.030067443847656,2.773844003677368,1.172164797782898
8.045629501342773,2.773844003677368,1.172164797782898
8.061315536499023,2.797917604446411,1.174617886543274
8.083530426025391,2.797917604446411,1.174617886543274
8.099193572998047,2.797917604446411,1.174617886543274
8.114772796630859,2.797917604446411,1.174617886543274
8.130441665649414,2.819456338882446,1.177536487579346
8.146045684814453,2.819456338882446,1.177536487579346
8.161655426025391,2.819456338882446,1.177536487579346
8.183815002441406,2.819456338882446,1.177536487579346
8.199495315551758,2.838649511337280,1.177287578582764
8.215095520019531,2.838649511337280,1.177287578582764
8.230743408203125,2.838649511337280,1.177287578582764
8.246368408203125,2.838649511337280,1.177287578582764
8.261930465698242,2.858119964599609,1.172449350357056
8.284086227416992,2.858119964599609,1.172449350357056
8.299760818481445,2.858119964599609,1.172449350357056
8.315385818481445,2.858119964599609,1.172449350357056
8.330953598022461,2.877598047256470,1.167027473449707
8.346612930297852,2.877598047256470,1.167027473449707
8.362230300903320,2.877598047256470,1.167027473449707
8.384447097778320,2.877598047256470,1.167027473449707
8.400028228759766,2.897953510284424,1.163621306419373
8.415691375732422,2.897953510284424,1.163621306419373
8.431251525878906,2.897953510284424,1.163621306419373
8.446912765502930,2.897953510284424,1.163621306419373
8.462518692016602,2.918962240219116,1.160578727722168
8.484725952148438,2.918962240219116,1.160578727722168
8.500289916992188,2.918962240219116,1.160578727722168
8.515972137451172,2.918962240219116,1.160578727722168
8.531551361083984,2.941217899322510,1.156745076179504
8.547199249267578,2.941217899322510,1.156745076179504
8.562845230102539,2.941217899322510,1.156745076179504
8.585063934326172,2.941217899322510,1.156745076179504
8.600622177124023,2.964368343353271,1.155271530151367
8.616264343261719,2.964368343353271,1.155271530151367
8.631937026977539,2.964368343353271,1.155271530151367
8.647529602050781,2.964368343353271,1.155271530151367
8.663156509399414,2.964368343353271,1.155271530151367
8.685379028320312,2.983301877975464,1.154346466064453
8.701002120971680,2.983301877975464,1.154346466064453
8.716623306274414,2.983301877975464,1.154346466064453
8.732250213623047,3.001628160476685,1.158279657363892
8.747817993164062,3.001628160476685,1.158279657363892
8.763498306274414,3.001628160476685,1.158279657363892
8.785713195800781,3.001628160476685,1.158279657363892
8.816900253295898,3.019845962524414,1.166425585746765
8.832584381103516,3.019845962524414,1.166425585746765
8.848161697387695,3.019845962524414,1.166425585746765
8.863830566406250,3.039552450180054,1.173340439796448
8.885984420776367,3.039552450180054,1.173340439796448
8.901676177978516,3.039552450180054,1.173340439796448
8.917270660400391,3.039552450180054,1.173340439796448
8.932920455932617,3.060667514801025,1.178676247596741
8.948501586914062,3.060667514801025,1.178676247596741
8.964111328125000,3.060667514801025,1.178676247596741
8.986268997192383,3.085653066635132,1.183527231216431
9.001953125000000,3.085653066635132,1.183527231216431
9.017576217651367,3.085653066635132,1.183527231216431
9.033201217651367,3.085653066635132,1.183527231216431
9.048793792724609,3.085653066635132,1.183527231216431
9.064416885375977,3.110994100570679,1.186600327491760
9.086635589599609,3.110994100570679,1.186600327491760
9.102239608764648,3.110994100570679,1.186600327491760
9.117891311645508,3.110994100570679,1.186600327491760
9.133470535278320,3.133313179016113,1.187635183334351
9.149139404296875,3.133313179016113,1.187635183334351
9.164730072021484,3.133313179016113,1.187635183334351
9.186918258666992,3.151709556579590,1.186825037002563
9.202503204345703,3.151709556579590,1.186825037002563
9.218189239501953,3.151709556579590,1.186825037002563
9.233751296997070,3.151709556579590,1.186825037002563
9.249437332153320,3.151709556579590,1.186825037002563
9.265058517456055,3.169859886169434,1.181791543960571
9.287208557128906,3.169859886169434,1.181791543960571
9.302841186523438,3.169859886169434,1.181791543960571
9.318527221679688,3.169859886169434,1.181791543960571
9.334146499633789,3.178864240646362,1.175715565681458
9.349771499633789,3.178864240646362,1.175715565681458
9.365396499633789,3.178864240646362,1.175715565681458
9.387575149536133,3.236908674240112,1.171164631843567
9.403175354003906,3.236908674240112,1.171164631843567
9.418851852416992,3.236908674240112,1.171164631843567
9.450044631958008,3.236908674240112,1.171164631843567
9.465728759765625,3.251516580581665,1.169072985649109
9.487928390502930,3.251516580581665,1.169072985649109
9.503513336181641,3.251516580581665,1.169072985649109
9.519138336181641,3.251516580581665,1.169072985649109
9.534828186035156,3.270034313201904,1.166319251060486
9.550407409667969,3.270034313201904,1.166319251060486
9.566078186035156,3.270034313201904,1.166319251060486
9.588237762451172,3.270034313201904,1.166319251060486
9.603895187377930,3.270034313201904,1.166319251060486
9.619493484497070,3.294116020202637,1.164473533630371
9.638523101806641,3.294116020202637,1.164473533630371
9.654167175292969,3.319060325622559,1.164435863494873
9.672828674316406,3.319060325622559,1.164435863494873
9.688472747802734,3.319060325622559,1.164435863494873
9.704126358032227,3.319060325622559,1.164435863494873
9.719720840454102,3.342565298080444,1.168158650398254
9.735399246215820,3.342565298080444,1.168158650398254
9.751026153564453,3.342565298080444,1.168158650398254
9.766624450683594,3.342565298080444,1.168158650398254
9.788808822631836,3.364244699478149,1.176450371742249
9.804437637329102,3.364244699478149,1.176450371742249
9.820058822631836,3.364244699478149,1.176450371742249
9.835664749145508,3.364244699478149,1.176450371742249
9.851289749145508,3.364244699478149,1.176450371742249
9.866897583007812,3.381351947784424,1.184667348861694
9.889116287231445,3.381351947784424,1.184667348861694
9.904771804809570,3.381351947784424,1.184667348861694
9.920372009277344,3.395385265350342,1.190847039222717
9.936021804809570,3.395385265350342,1.190847039222717
9.951673507690430,3.395385265350342,1.190847039222717
9.967248916625977,3.395385265350342,1.190847039222717
9.989477157592773,3.413877248764038,1.195748686790466
10.005069732666016,3.413877248764038,1.195748686790466
10.020673751831055,3.413877248764038,1.195748686790466
10.036291122436523,3.413877248764038,1.195748686790466
10.051910400390625,3.413877248764038,1.195748686790466
10.067594528198242,3.437799930572510,1.198842287063599
10.089847564697266,3.437799930572510,1.198842287063599
10.105443954467773,3.437799930572510,1.198842287063599
10.121065139770508,3.463918685913086,1.200427651405334
10.136690139770508,3.463918685913086,1.200427651405334
10.152290344238281,3.463918685913086,1.200427651405334
10.190160751342773,3.489459514617920,1.199547290802002
10.205724716186523,3.489459514617920,1.199547290802002
10.221384048461914,3.489459514617920,1.199547290802002
10.237003326416016,3.489459514617920,1.199547290802002
10.252628326416016,3.512414932250977,1.193999528884888
10.268278121948242,3.512414932250977,1.193999528884888
10.290500640869141,3.512414932250977,1.193999528884888
10.306152343750000,3.512414932250977,1.193999528884888
10.321783065795898,3.532260656356812,1.187558054924011
10.337402343750000,3.532260656356812,1.187558054924011
10.353021621704102,3.532260656356812,1.187558054924011
10.368650436401367,3.532260656356812,1.187558054924011
10.390865325927734,3.547269344329834,1.184115648269653
10.406507492065430,3.547269344329834,1.184115648269653
10.422080993652344,3.547269344329834,1.184115648269653
10.437704086303711,3.547269344329834,1.184115648269653
10.453327178955078,3.562422990798950,1.182325124740601
10.468961715698242,3.562422990798950,1.182325124740601
10.491191864013672,3.562422990798950,1.182325124740601
10.506753921508789,3.562422990798950,1.182325124740601
10.522397994995117,3.581598997116089,1.179976701736450
10.538000106811523,3.581598997116089,1.179976701736450
10.553657531738281,3.581598997116089,1.179976701736450
10.569282531738281,3.581598997116089,1.179976701736450
10.591516494750977,3.605711698532104,1.179282546043396
10.607082366943359,3.605711698532104,1.179282546043396
10.622716903686523,3.605711698532104,1.179282546043396
10.638349533081055,3.605711698532104,1.179282546043396
10.653984069824219,3.630480051040649,1.180014967918396
10.669607162475586,3.630480051040649,1.180014967918396
10.691827774047852,3.630480051040649,1.180014967918396
10.707448959350586,3.630480051040649,1.180014967918396
10.723073959350586,3.652423858642578,1.182988524436951
10.738677978515625,3.652423858642578,1.182988524436951
10.754291534423828,3.652423858642578,1.182988524436951
10.769893646240234,3.652423858642578,1.182988524436951
10.792106628417969,3.674363613128662,1.190118193626404
10.807727813720703,3.674363613128662,1.190118193626404
10.823326110839844,3.674363613128662,1.190118193626404
10.838920593261719,3.674363613128662,1.190118193626404
10.854568481445312,3.674363613128662,1.190118193626404
10.870170593261719,3.691690206527710,1.197968959808350
10.892402648925781,3.691690206527710,1.197968959808350
10.907991409301758,3.691690206527710,1.197968959808350
10.923610687255859,3.706699371337891,1.202938079833984
10.939243316650391,3.706699371337891,1.202938079833984
10.954881668090820,3.706699371337891,1.202938079833984
10.970481872558594,3.706699371337891,1.202938079833984
10.992666244506836,3.725968837738037,1.206959009170532
11.008296966552734,3.725968837738037,1.206959009170532
11.023900985717773,3.725968837738037,1.206959009170532
11.039587020874023,3.725968837738037,1.206959009170532
11.055168151855469,3.750060081481934,1.209342002868652
11.070774078369141,3.750060081481934,1.209342002868652
11.092983245849609,3.750060081481934,1.209342002868652
11.108627319335938,3.750060081481934,1.209342002868652
11.124252319335938,3.775692224502563,1.210191130638123
11.139850616455078,3.775692224502563,1.210191130638123
11.155452728271484,3.775692224502563,1.210191130638123
11.171073913574219,3.775692224502563,1.210191130638123
11.193302154541016,3.800792217254639,1.209603190422058
11.208875656127930,3.800792217254639,1.209603190422058
11.224550247192383,3.800792217254639,1.209603190422058
11.240110397338867,3.800792217254639,1.209603190422058
11.255744934082031,3.823493242263794,1.204347848892212
11.271364212036133,3.823493242263794,1.204347848892212
11.293594360351562,3.823493242263794,1.204347848892212
11.309190750122070,3.823493242263794,1.204347848892212
11.324842453002930,3.843486547470093,1.198577046394348
11.340415954589844,3.843486547470093,1.198577046394348
11.356090545654297,3.843486547470093,1.198577046394348
11.371686935424805,3.843486547470093,1.198577046394348
11.393918991088867,3.843486547470093,1.198577046394348
11.409479141235352,3.860001564025879,1.195076227188110
11.425168991088867,3.860001564025879,1.195076227188110
11.440740585327148,3.860001564025879,1.195076227188110
11.456401824951172,3.860001564025879,1.195076227188110
11.472015380859375,3.875923871994019,1.193008065223694
11.494230270385742,3.875923871994019,1.193008065223694
11.509853363037109,3.875923871994019,1.193008065223694
11.525430679321289,3.894946336746216,1.190573930740356
11.541101455688477,3.894946336746216,1.190573930740356
11.556663513183594,3.894946336746216,1.190573930740356
11.572322845458984,3.894946336746216,1.190573930740356
11.594554901123047,3.918884992599487,1.189779758453369
11.610179901123047,3.918884992599487,1.189779758453369
11.625776290893555,3.918884992599487,1.189779758453369
11.641382217407227,3.918884992599487,1.189779758453369
11.656988143920898,3.941654682159424,1.190209269523621
11.672653198242188,3.941654682159424,1.190209269523621
11.694820404052734,3.941654682159424,1.190209269523621
11.710464477539062,3.941654682159424,1.190209269523621
11.726066589355469,3.963558197021484,1.192836880683899
11.741712570190430,3.963558197021484,1.192836880683899
11.757375717163086,3.963558197021484,1.192836880683899
11.772975921630859,3.963558197021484,1.192836880683899
11.795183181762695,3.985620498657227,1.199072599411011
11.810789108276367,3.985620498657227,1.199072599411011
11.826461791992188,3.985620498657227,1.199072599411011
11.842082977294922,3.985620498657227,1.199072599411011
11.857707977294922,4.002906799316406,1.206214308738708
11.873279571533203,4.002906799316406,1.206214308738708
11.895486831665039,4.002906799316406,1.206214308738708
11.911094665527344,4.002906799316406,1.206214308738708
11.926717758178711,4.019219398498535,1.210902214050293
11.942358016967773,4.019219398498535,1.210902214050293
11.958009719848633,4.019219398498535,1.210902214050293
11.973606109619141,4.019219398498535,1.210902214050293
11.995836257934570,4.019219398498535,1.210902214050293
12.011434555053711,4.039792060852051,1.215478301048279
12.027042388916016,4.039792060852051,1.215478301048279
12.042680740356445,4.039792060852051,1.215478301048279
12.058288574218750,4.063564300537109,1.217597842216492
12.073959350585938,4.063564300537109,1.217597842216492
12.096185684204102,4.063564300537109,1.217597842216492
12.111745834350586,4.063564300537109,1.217597842216492
12.127433776855469,4.088818550109863,1.218989610671997
12.143014907836914,4.088818550109863,1.218989610671997
12.158628463745117,4.088818550109863,1.218989610671997
12.174304962158203,4.088818550109863,1.218989610671997
12.196529388427734,4.112168788909912,1.218778610229492
12.212131500244141,4.112168788909912,1.218778610229492
12.227724075317383,4.112168788909912,1.218778610229492
12.243350982666016,4.112168788909912,1.218778610229492
12.258996963500977,4.112168788909912,1.218778610229492
12.274599075317383,4.134095191955566,1.214208960533142
12.296852111816406,4.134095191955566,1.214208960533142
12.312431335449219,4.134095191955566,1.214208960533142
12.328071594238281,4.153842926025391,1.208514928817749
12.343723297119141,4.153842926025391,1.208514928817749
12.359285354614258,4.153842926025391,1.208514928817749
12.374971389770508,4.153842926025391,1.208514928817749
12.397151947021484,4.170061111450195,1.204148292541504
12.412828445434570,4.170061111450195,1.204148292541504
12.428400039672852,4.170061111450195,1.204148292541504
12.444078445434570,4.170061111450195,1.204148292541504
12.459682464599609,4.186846256256104,1.201795220375061
12.475296020507812,4.186846256256104,1.201795220375061
12.497470855712891,4.186846256256104,1.201795220375061
12.513153076171875,4.186846256256104,1.201795220375061
12.528730392456055,4.206132888793945,1.198161959648132
12.544401168823242,4.206132888793945,1.198161959648132
12.560028076171875,4.206132888793945,1.198161959648132
12.575588226318359,4.206132888793945,1.198161959648132
12.597759246826172,4.229774475097656,1.196054220199585
12.613439559936523,4.229774475097656,1.196054220199585
12.629064559936523,4.229774475097656,1.196054220199585
12.644660949707031,4.229774475097656,1.196054220199585
12.660268783569336,4.252800464630127,1.193936944007874
12.675874710083008,4.252800464630127,1.193936944007874
12.698114395141602,4.252800464630127,1.193936944007874
12.713682174682617,4.252800464630127,1.193936944007874
12.729354858398438,4.274158477783203,1.195814013481140
12.744922637939453,4.274158477783203,1.195814013481140
12.760604858398438,4.274158477783203,1.195814013481140
12.776227951049805,4.274158477783203,1.195814013481140
12.798458099365234,4.295431613922119,1.202181696891785
12.814054489135742,4.295431613922119,1.202181696891785
12.829708099365234,4.295431613922119,1.202181696891785
12.845331192016602,4.295431613922119,1.202181696891785
12.860925674438477,4.314031124114990,1.209280490875244
12.876531600952148,4.314031124114990,1.209280490875244
12.898757934570312,4.314031124114990,1.209280490875244
12.914365768432617,4.314031124114990,1.209280490875244
12.930007934570312,4.314031124114990,1.209280490875244
12.945587158203125,4.330702304840088,1.215029001235962
12.961229324340820,4.330702304840088,1.215029001235962
12.976881027221680,4.330702304840088,1.215029001235962
12.999113082885742,4.351069450378418,1.220073461532593
13.014741897583008,4.351069450378418,1.220073461532593
13.030305862426758,4.351069450378418,1.220073461532593
13.045978546142578,4.351069450378418,1.220073461532593
13.061540603637695,4.375408172607422,1.223009824752808
13.077230453491211,4.375408172607422,1.223009824752808
13.099437713623047,4.375408172607422,1.223009824752808
13.115087509155273,4.375408172607422,1.223009824752808
13.130647659301758,4.400411605834961,1.224516153335571
13.146289825439453,4.400411605834961,1.224516153335571
13.161914825439453,4.400411605834961,1.224516153335571
13.177555084228516,4.400411605834961,1.224516153335571
13.199722290039062,4.423449516296387,1.223898530006409
13.215412139892578,4.423449516296387,1.223898530006409
13.231040954589844,4.423449516296387,1.223898530006409
13.246608734130859,4.423449516296387,1.223898530006409
13.262285232543945,4.423449516296387,1.223898530006409
13.277845382690430,4.445475101470947,1.218302369117737
13.300003051757812,4.445475101470947,1.218302369117737
13.315679550170898,4.445475101470947,1.218302369117737
13.331304550170898,4.464943885803223,1.210487842559814
13.346887588500977,4.464943885803223,1.210487842559814
13.362504959106445,4.464943885803223,1.210487842559814
13.378112792968750,4.464943885803223,1.210487842559814
13.400342941284180,4.464943885803223,1.210487842559814
13.415939331054688,4.482694149017334,1.205904126167297
13.431591033935547,4.482694149017334,1.205904126167297
13.447162628173828,4.482694149017334,1.205904126167297
13.462839126586914,4.499648094177246,1.203120708465576
13.478416442871094,4.499648094177246,1.203120708465576
13.500591278076172,4.499648094177246,1.203120708465576
13.516239166259766,4.499648094177246,1.203120708465576
13.531888961791992,4.519216060638428,1.199109435081482
13.547485351562500,4.519216060638428,1.199109435081482
13.563093185424805,4.519216060638428,1.199109435081482
13.578714370727539,4.519216060638428,1.199109435081482
13.600927352905273,4.542366027832031,1.197139143943787
13.616485595703125,4.542366027832031,1.197139143943787
13.632175445556641,4.542366027832031,1.197139143943787
13.647798538208008,4.542366027832031,1.197139143943787
13.663402557373047,4.565019607543945,1.195435523986816
13.679048538208008,4.565019607543945,1.195435523986816
13.701263427734375,4.565019607543945,1.195435523986816
13.716886520385742,4.565019607543945,1.195435523986816
13.732482910156250,4.565019607543945,1.195435523986816
13.748130798339844,4.585253715515137,1.197374343872070
13.763732910156250,4.585253715515137,1.197374343872070
13.779376983642578,4.585253715515137,1.197374343872070
13.801584243774414,4.606911659240723,1.204390048980713
13.817237854003906,4.606911659240723,1.204390048980713
13.832799911499023,4.606911659240723,1.204390048980713
13.848487854003906,4.606911659240723,1.204390048980713
13.864063262939453,4.625339031219482,1.212384104728699
13.879680633544922,4.625339031219482,1.212384104728699
13.901844024658203,4.625339031219482,1.212384104728699
13.917530059814453,4.625339031219482,1.212384104728699
13.933155059814453,4.642941474914551,1.218135356903076
13.948774337768555,4.642941474914551,1.218135356903076
13.964403152465820,4.642941474914551,1.218135356903076
13.979997634887695,4.642941474914551,1.218135356903076
14.002178192138672,4.663434028625488,1.222494840621948
14.017847061157227,4.663434028625488,1.222494840621948
14.033472061157227,4.663434028625488,1.222494840621948
14.049070358276367,4.663434028625488,1.222494840621948
14.064674377441406,4.688270568847656,1.225198745727539
14.080278396606445,4.688270568847656,1.225198745727539
14.102499008178711,4.688270568847656,1.225198745727539
14.133747100830078,4.712738513946533,1.226594924926758
14.149351119995117,4.712738513946533,1.226594924926758
14.164995193481445,4.712738513946533,1.226594924926758
14.180578231811523,4.712738513946533,1.226594924926758
14.202766418457031,4.735006332397461,1.226763844490051
14.218389511108398,4.735006332397461,1.226763844490051
14.234039306640625,4.735006332397461,1.226763844490051
14.249618530273438,4.735006332397461,1.226763844490051
14.265241622924805,4.755817413330078,1.223324537277222
14.280912399291992,4.755817413330078,1.223324537277222
14.303077697753906,4.755817413330078,1.223324537277222
14.318708419799805,4.755817413330078,1.223324537277222
14.334375381469727,4.775580883026123,1.217965483665466
14.349996566772461,4.775580883026123,1.217965483665466
14.365596771240234,4.775580883026123,1.217965483665466
14.381244659423828,4.775580883026123,1.217965483665466
14.403442382812500,4.775580883026123,1.217965483665466
14.419094085693359,4.793553829193115,1.214438080787659
14.450342178344727,4.793553829193115,1.214438080787659
14.465904235839844,4.811695098876953,1.212557792663574
14.481590270996094,4.811695098876953,1.212557792663574
14.503789901733398,4.811695098876953,1.212557792663574
14.519414901733398,4.811695098876953,1.212557792663574
14.535003662109375,4.831568241119385,1.209784865379333
14.550687789916992,4.831568241119385,1.209784865379333
14.566314697265625,4.831568241119385,1.209784865379333
14.581911087036133,4.831568241119385,1.209784865379333
14.604101181030273,4.854766845703125,1.207783222198486
14.619703292846680,4.854766845703125,1.207783222198486
14.639595031738281,4.854766845703125,1.207783222198486
14.655233383178711,4.854766845703125,1.207783222198486
14.670862197875977,4.854766845703125,1.207783222198486
14.688533782958984,4.877584457397461,1.207676053047180
14.704179763793945,4.877584457397461,1.207676053047180
14.719800949096680,4.877584457397461,1.207676053047180
14.735435485839844,4.896387100219727,1.208887457847595
14.751060485839844,4.896387100219727,1.208887457847595
14.766685485839844,4.896387100219727,1.208887457847595
14.782295227050781,4.896387100219727,1.208887457847595
14.804456710815430,4.916321754455566,1.214786410331726
14.820087432861328,4.916321754455566,1.214786410331726
14.835769653320312,4.916321754455566,1.214786410331726
14.851366043090820,4.916321754455566,1.214786410331726
14.867019653320312,4.934879302978516,1.221515774726868
14.882619857788086,4.934879302978516,1.221515774726868
14.904811859130859,4.934879302978516,1.221515774726868
14.920431137084961,4.934879302978516,1.221515774726868
14.936084747314453,4.934879302978516,1.221515774726868
14.951673507690430,4.952500343322754,1.226918578147888
14.967359542846680,4.952500343322754,1.226918578147888
14.982988357543945,4.952500343322754,1.226918578147888
15.005146026611328,4.973331928253174,1.231336712837219
15.020769119262695,4.973331928253174,1.231336712837219
15.036390304565430,4.973331928253174,1.231336712837219
15.052074432373047,4.973331928253174,1.231336712837219
15.067670822143555,4.997957229614258,1.234247446060181
15.083322525024414,4.997957229614258,1.234247446060181
15.105472564697266,4.997957229614258,1.234247446060181
15.121103286743164,4.997957229614258,1.234247446060181
15.136724472045898,5.021863937377930,1.236212611198425
15.152408599853516,5.021863937377930,1.236212611198425
15.167982101440430,5.021863937377930,1.236212611198425
15.183652877807617,5.021863937377930,1.236212611198425
15.205839157104492,5.044111251831055,1.236984372138977
15.221427917480469,5.044111251831055,1.236984372138977
15.237056732177734,5.044111251831055,1.236984372138977
15.255323410034180,5.044111251831055,1.236984372138977
15.270967483520508,5.064095973968506,1.232555627822876
15.290147781372070,5.064095973968506,1.232555627822876
15.305820465087891,5.064095973968506,1.232555627822876
15.321441650390625,5.064095973968506,1.232555627822876
15.337036132812500,5.083324432373047,1.226132988929749
15.352720260620117,5.083324432373047,1.226132988929749
15.368282318115234,5.083324432373047,1.226132988929749
15.383922576904297,5.083324432373047,1.226132988929749
15.406085968017578,5.102570533752441,1.221810460090637
15.421741485595703,5.102570533752441,1.221810460090637
15.437334060668945,5.102570533752441,1.221810460090637
15.452960968017578,5.102570533752441,1.221810460090637
15.468589782714844,5.120306015014648,1.219428420066833
15.484218597412109,5.120306015014648,1.219428420066833
15.506387710571289,5.120306015014648,1.219428420066833
15.522823333740234,5.141297340393066,1.216865658760071
15.538461685180664,5.141297340393066,1.216865658760071
15.554115295410156,5.141297340393066,1.216865658760071
15.569738388061523,5.141297340393066,1.216865658760071
15.585340499877930,5.141297340393066,1.216865658760071
15.606502532958984,5.164061069488525,1.216227650642395
15.622131347656250,5.164061069488525,1.216227650642395
15.637786865234375,5.164061069488525,1.216227650642395
15.653375625610352,5.164061069488525,1.216227650642395
15.669021606445312,5.186148643493652,1.217317223548889
15.684621810913086,5.186148643493652,1.217317223548889
15.706865310668945,5.186148643493652,1.217317223548889
15.722455978393555,5.204942703247070,1.220043659210205
15.738117218017578,5.204942703247070,1.220043659210205
15.753704071044922,5.204942703247070,1.220043659210205
15.769395828247070,5.204942703247070,1.220043659210205
15.784967422485352,5.204942703247070,1.220043659210205
15.807218551635742,5.223469734191895,1.226413011550903
15.822813034057617,5.223469734191895,1.226413011550903
15.838430404663086,5.223469734191895,1.226413011550903
15.854084014892578,5.223469734191895,1.226413011550903
15.869686126708984,5.223469734191895,1.226413011550903
15.885364532470703,5.241855621337891,1.234281897544861
15.907579421997070,5.241855621337891,1.234281897544861
15.923143386840820,5.259430885314941,1.240280508995056
15.938810348510742,5.259430885314941,1.240280508995056
15.954420089721680,5.259430885314941,1.240280508995056
15.970010757446289,5.259430885314941,1.240280508995056
15.985698699951172,5.259430885314941,1.240280508995056
16.007987976074219,5.279491424560547,1.245233416557312
16.023544311523438,5.279491424560547,1.245233416557312
16.039176940917969,5.279491424560547,1.245233416557312
16.055564880371094,5.279491424560547,1.245233416557312
16.071233749389648,5.304200649261475,1.247815489768982
16.086866378784180,5.304200649261475,1.247815489768982
16.108083724975586,5.304200649261475,1.247815489768982
16.123643875122070,5.304200649261475,1.247815489768982
16.139299392700195,5.304200649261475,1.247815489768982
16.154922485351562,5.328307151794434,1.249035239219666
16.170515060424805,5.328307151794434,1.249035239219666
16.186134338378906,5.328307151794434,1.249035239219666
16.208377838134766,5.349294662475586,1.249648571014404
16.223985671997070,5.349294662475586,1.249648571014404
16.239608764648438,5.349294662475586,1.249648571014404
16.255189895629883,5.349294662475586,1.249648571014404
16.270816802978516,5.368754863739014,1.247105598449707
16.286472320556641,5.368754863739014,1.247105598449707
16.308710098266602,5.368754863739014,1.247105598449707
16.324331283569336,5.388924121856689,1.242603898048401
16.339893341064453,5.388924121856689,1.242603898048401
16.355554580688477,5.388924121856689,1.242603898048401
16.371171951293945,5.388924121856689,1.242603898048401
16.386772155761719,5.388924121856689,1.242603898048401
16.408954620361328,5.406765937805176,1.240103960037231
16.424619674682617,5.406765937805176,1.240103960037231
16.440219879150391,5.406765937805176,1.240103960037231
16.455812454223633,5.406765937805176,1.240103960037231
16.471462249755859,5.406765937805176,1.240103960037231
16.487058639526367,5.425657272338867,1.239746809005737
16.509222030639648,5.425657272338867,1.239746809005737
16.524911880493164,5.425657272338867,1.239746809005737
16.540473937988281,5.446462631225586,1.239352226257324
16.556097030639648,5.446462631225586,1.239352226257324
16.571733474731445,5.446462631225586,1.239352226257324
16.587337493896484,5.446462631225586,1.239352226257324
16.609519958496094,5.469553470611572,1.237886190414429
16.625194549560547,5.469553470611572,1.237886190414429
16.640800476074219,5.469553470611572,1.237886190414429
16.656423568725586,5.490272045135498,1.238897204399109
16.672037124633789,5.490272045135498,1.238897204399109
16.687629699707031,5.490272045135498,1.238897204399109
16.709789276123047,5.490272045135498,1.238897204399109
16.725471496582031,5.508376598358154,1.241422295570374
16.741094589233398,5.508376598358154,1.241422295570374
16.756658554077148,5.508376598358154,1.241422295570374
16.772275924682617,5.508376598358154,1.241422295570374
16.787904739379883,5.508376598358154,1.241422295570374
16.810085296630859,5.526061058044434,1.247229456901550
16.825746536254883,5.526061058044434,1.247229456901550
16.841373443603516,5.526061058044434,1.247229456901550
16.856939315795898,5.543542861938477,1.256670832633972
16.872571945190430,5.543542861938477,1.256670832633972
16.888217926025391,5.543542861938477,1.256670832633972
16.910444259643555,5.543542861938477,1.256670832633972
16.926017761230469,5.561140537261963,1.263336062431335
16.941665649414062,5.561140537261963,1.263336062431335
16.957283020019531,5.561140537261963,1.263336062431335
16.972917556762695,5.561140537261963,1.263336062431335
16.988502502441406,5.561140537261963,1.263336062431335
17.010715484619141,5.581729888916016,1.269064426422119
17.026273727416992,5.581729888916016,1.269064426422119
17.041963577270508,5.581729888916016,1.269064426422119
17.057525634765625,5.605003356933594,1.273913860321045
17.073154449462891,5.605003356933594,1.273913860321045
17.088775634765625,5.605003356933594,1.273913860321045
17.111026763916016,5.605003356933594,1.273913860321045
17.126585006713867,5.627642154693604,1.277266979217529
17.142276763916016,5.627642154693604,1.277266979217529
17.157876968383789,5.627642154693604,1.277266979217529
17.173522949218750,5.627642154693604,1.277266979217529
17.189088821411133,5.648562431335449,1.280278325080872
17.211301803588867,5.648562431335449,1.280278325080872
17.226900100708008,5.648562431335449,1.280278325080872
17.242547988891602,5.648562431335449,1.280278325080872
17.258172988891602,5.668636322021484,1.278075098991394
17.273731231689453,5.668636322021484,1.278075098991394
17.289390563964844,5.668636322021484,1.278075098991394
17.311605453491211,5.668636322021484,1.278075098991394
17.327203750610352,5.668636322021484,1.278075098991394
17.342845916748047,5.688842773437500,1.273778319358826
17.358478546142578,5.688842773437500,1.273778319358826
17.374032974243164,5.688842773437500,1.273778319358826
17.389724731445312,5.688842773437500,1.273778319358826
17.411933898925781,5.708798885345459,1.270734071731567
17.427541732788086,5.708798885345459,1.270734071731567
17.443181991577148,5.708798885345459,1.270734071731567
17.458808898925781,5.728494644165039,1.269056439399719
17.474367141723633,5.728494644165039,1.269056439399719
17.490015029907227,5.728494644165039,1.269056439399719
17.512220382690430,5.728494644165039,1.269056439399719
17.527849197387695,5.749760627746582,1.267749428749084
17.543416976928711,5.749760627746582,1.267749428749084
17.559099197387695,5.749760627746582,1.267749428749084
17.574659347534180,5.749760627746582,1.267749428749084
17.590278625488281,5.770994186401367,1.265621423721313
17.612489700317383,5.770994186401367,1.265621423721313
17.628112792968750,5.770994186401367,1.265621423721313
17.643680572509766,5.770994186401367,1.265621423721313
17.659362792968750,5.790514469146729,1.266031265258789
17.674922943115234,5.790514469146729,1.266031265258789
17.690591812133789,5.790514469146729,1.266031265258789
17.712772369384766,5.790514469146729,1.266031265258789
17.728429794311523,5.807328224182129,1.267769217491150
17.744020462036133,5.807328224182129,1.267769217491150
17.759679794311523,5.807328224182129,1.267769217491150
17.775285720825195,5.807328224182129,1.267769217491150
17.790899276733398,5.825479507446289,1.274816989898682
17.813056945800781,5.825479507446289,1.274816989898682
17.828737258911133,5.825479507446289,1.274816989898682
17.844343185424805,5.825479507446289,1.274816989898682
17.859981536865234,5.843746662139893,1.284310102462769
17.875610351562500,5.843746662139893,1.284310102462769
17.891174316406250,5.843746662139893,1.284310102462769
17.913335800170898,5.843746662139893,1.284310102462769
17.929018020629883,5.863147735595703,1.292248249053955
17.944639205932617,5.863147735595703,1.292248249053955
17.960208892822266,5.863147735595703,1.292248249053955
17.975845336914062,5.863147735595703,1.292248249053955
17.991455078125000,5.885217666625977,1.299388527870178
18.013607025146484,5.885217666625977,1.299388527870178
18.029272079467773,5.885217666625977,1.299388527870178
18.044918060302734,5.885217666625977,1.299388527870178
18.060523986816406,5.909301757812500,1.305783271789551
18.076166152954102,5.909301757812500,1.305783271789551
18.091726303100586,5.909301757812500,1.305783271789551
18.114002227783203,5.909301757812500,1.305783271789551
18.129623413085938,5.918705463409424,1.316986799240112
18.145221710205078,5.918705463409424,1.316986799240112
18.160814285278320,5.918705463409424,1.316986799240112
18.176496505737305,5.918705463409424,1.316986799240112
18.192083358764648,5.915381431579590,1.327540755271912
18.214294433593750,5.915381431579590,1.327540755271912
18.229898452758789,5.915381431579590,1.327540755271912
18.245542526245117,5.915381431579590,1.327540755271912
18.261102676391602,5.915381431579590,1.327540755271912
18.276790618896484,5.909051895141602,1.327662944793701
18.292413711547852,5.909051895141602,1.327662944793701
18.314620971679688,5.909051895141602,1.327662944793701
18.330190658569336,5.905423641204834,1.326126813888550
18.345869064331055,5.905423641204834,1.326126813888550
18.361478805541992,5.905423641204834,1.326126813888550
18.377101898193359,5.905423641204834,1.326126813888550
