time,x,y
0.000000000000000,0.640179038047791,0.969857215881348
0.031238555908203,0.638946235179901,0.969600439071655
0.062019348144531,0.638946235179901,0.969600439071655
0.077581405639648,0.637719333171844,0.967945873737335
0.093221664428711,0.637719333171844,0.967945873737335
0.108846664428711,0.637719333171844,0.967945873737335
0.124486923217773,0.637719333171844,0.967945873737335
0.140094757080078,0.636593937873840,0.967250585556030
0.162305831909180,0.636593937873840,0.967250585556030
0.177928924560547,0.636593937873840,0.967250585556030
0.209177017211914,0.627639889717102,0.976322352886200
0.224761962890625,0.627639889717102,0.976322352886200
0.240379333496094,0.627639889717102,0.976322352886200
0.262586593627930,0.627639889717102,0.976322352886200
0.278232574462891,0.618181347846985,0.986878693103790
0.293827056884766,0.618181347846985,0.986878693103790
0.309432983398438,0.618181347846985,0.986878693103790
0.325101852416992,0.618181347846985,0.986878693103790
0.340675354003906,0.625672101974487,0.988809943199158
0.362882614135742,0.625672101974487,0.988809943199158
0.378534317016602,0.625672101974487,0.988809943199158
0.394096374511719,0.625672101974487,0.988809943199158
0.409780502319336,0.631323397159576,0.987860381603241
0.425361633300781,0.631323397159576,0.987860381603241
0.441003799438477,0.631323397159576,0.987860381603241
0.463169097900391,0.631323397159576,0.987860381603241
0.478858947753906,0.638280928134918,0.985740602016449
0.494483947753906,0.638280928134918,0.985740602016449
0.510084152221680,0.638280928134918,0.985740602016449
0.525684356689453,0.638280928134918,0.985740602016449
0.541294097900391,0.645024299621582,0.983119010925293
0.563463211059570,0.645024299621582,0.983119010925293
0.579147338867188,0.645024299621582,0.983119010925293
0.594770431518555,0.645024299621582,0.983119010925293
0.610368728637695,0.653868675231934,0.980739951133728
0.629407882690430,0.653868675231934,0.980739951133728
0.649745941162109,0.653868675231934,0.980739951133728
0.661382675170898,0.653868675231934,0.980739951133728
0.677104949951172,0.665121912956238,0.975154042243958
0.691823959350586,0.665121912956238,0.975154042243958
0.714487075805664,0.665121912956238,0.975154042243958
0.731260299682617,0.665121912956238,0.975154042243958
0.747871398925781,0.665121912956238,0.975154042243958
0.765861511230469,0.678391039371490,0.967610001564026
0.782199859619141,0.678391039371490,0.967610001564026
0.798578262329102,0.678391039371490,0.967610001564026
0.816007614135742,0.693569898605347,0.964897215366364
0.834518432617188,0.693569898605347,0.964897215366364
0.850198745727539,0.693569898605347,0.964897215366364
0.864889144897461,0.693569898605347,0.964897215366364
0.880580902099609,0.708269596099854,0.965496361255646
0.896183013916016,0.708269596099854,0.965496361255646
0.911775588989258,0.708269596099854,0.965496361255646
0.927452087402344,0.708269596099854,0.965496361255646
0.943008422851562,0.721323907375336,0.969933152198792
0.963727951049805,0.721323907375336,0.969933152198792
0.979351043701172,0.721323907375336,0.969933152198792
0.994974136352539,0.721323907375336,0.969933152198792
1.010570526123047,0.733809113502502,0.975253343582153
1.026155471801758,0.733809113502502,0.975253343582153
1.041847229003906,0.733809113502502,0.975253343582153
1.063999176025391,0.733809113502502,0.975253343582153
1.079643249511719,0.744514167308807,0.978285431861877
1.095243453979492,0.744514167308807,0.978285431861877
1.110925674438477,0.744514167308807,0.978285431861877
1.126491546630859,0.744514167308807,0.978285431861877
1.142177581787109,0.757320702075958,0.979324877262115
1.164325714111328,0.757320702075958,0.979324877262115
1.180019378662109,0.757320702075958,0.979324877262115
1.198863983154297,0.757320702075958,0.979324877262115
1.213546752929688,0.757320702075958,0.979324877262115
1.233272552490234,0.776061415672302,0.981049835681915
1.248788833618164,0.776061415672302,0.981049835681915
1.264425277709961,0.776061415672302,0.981049835681915
1.280111312866211,0.797299206256866,0.981624066829681
1.295680999755859,0.797299206256866,0.981624066829681
1.311315536499023,0.797299206256866,0.981624066829681
1.331207275390625,0.797299206256866,0.981624066829681
1.348867416381836,0.819625735282898,0.980694830417633
1.364501953125000,0.819625735282898,0.980694830417633
1.380144119262695,0.819625735282898,0.980694830417633
1.395748138427734,0.819625735282898,0.980694830417633
1.414892196655273,0.838411808013916,0.976666986942291
1.430585861206055,0.838411808013916,0.976666986942291
1.448720932006836,0.838411808013916,0.976666986942291
1.464365005493164,0.838411808013916,0.976666986942291
1.495672225952148,0.857001006603241,0.970566213130951
1.511232376098633,0.857001006603241,0.970566213130951
1.526918411254883,0.857001006603241,0.970566213130951
1.542547225952148,0.870373010635376,0.964417278766632
1.564712524414062,0.870373010635376,0.964417278766632
1.596008300781250,0.870373010635376,0.964417278766632
1.611631393432617,0.882510185241699,0.961119592189789
1.627195358276367,0.882510185241699,0.961119592189789
1.642879486083984,0.882510185241699,0.961119592189789
1.665050506591797,0.882510185241699,0.961119592189789
1.680669784545898,0.897402226924896,0.956869125366211
1.698211669921875,0.897402226924896,0.956869125366211
1.729463577270508,0.897402226924896,0.956869125366211
1.745084762573242,0.915485322475433,0.952897369861603
1.765369415283203,0.915485322475433,0.952897369861603
1.780994415283203,0.915485322475433,0.952897369861603
1.797780990600586,0.915485322475433,0.952897369861603
1.814590454101562,0.936473906040192,0.950463891029358
1.830282211303711,0.936473906040192,0.950463891029358
1.845842361450195,0.936473906040192,0.950463891029358
1.865533828735352,0.936473906040192,0.950463891029358
1.881158828735352,0.956024408340454,0.950278520584106
1.896799087524414,0.956024408340454,0.950278520584106
1.914531707763672,0.956024408340454,0.950278520584106
1.930221557617188,0.956024408340454,0.950278520584106
1.945798873901367,0.973922312259674,0.953337132930756
1.965488433837891,0.973922312259674,0.953337132930756
1.983463287353516,0.973922312259674,0.953337132930756
2.000177383422852,0.973922312259674,0.953337132930756
2.019729614257812,0.991102695465088,0.957928717136383
2.034984588623047,0.991102695465088,0.957928717136383
2.049707412719727,0.991102695465088,0.957928717136383
2.065086364746094,0.991102695465088,0.957928717136383
2.080718994140625,1.004841089248657,0.960853695869446
2.096401214599609,1.004841089248657,0.960853695869446
2.111957550048828,1.004841089248657,0.960853695869446
2.127647399902344,1.004841089248657,0.960853695869446
2.143243789672852,1.004841089248657,0.960853695869446
2.165409088134766,1.018633723258972,0.962334334850311
2.181026458740234,1.018633723258972,0.962334334850311
2.196670532226562,1.018633723258972,0.962334334850311
2.212270736694336,1.038071990013123,0.962481617927551
2.227939605712891,1.038071990013123,0.962481617927551
2.243522644042969,1.038071990013123,0.962481617927551
2.265707015991211,1.038071990013123,0.962481617927551
2.281305313110352,1.062416076660156,0.961258709430695
2.296970367431641,1.062416076660156,0.961258709430695
2.312540054321289,1.062416076660156,0.961258709430695
2.328218460083008,1.062416076660156,0.961258709430695
2.343824386596680,1.086554646492004,0.959151566028595
2.366035461425781,1.086554646492004,0.959151566028595
2.381629943847656,1.086554646492004,0.959151566028595
2.397270202636719,1.086554646492004,0.959151566028595
2.412874221801758,1.107817649841309,0.954933762550354
2.428558349609375,1.107817649841309,0.954933762550354
2.444177627563477,1.107817649841309,0.954933762550354
2.466394424438477,1.107817649841309,0.954933762550354
2.481966018676758,1.127889633178711,0.947866261005402
2.497583389282227,1.127889633178711,0.947866261005402
2.513225555419922,1.127889633178711,0.947866261005402
2.528848648071289,1.127889633178711,0.947866261005402
2.544473648071289,1.144256472587585,0.939885973930359
2.566625595092773,1.144256472587585,0.939885973930359
2.582281112670898,1.144256472587585,0.939885973930359
2.597875595092773,1.144256472587585,0.939885973930359
2.613557815551758,1.158508300781250,0.934277057647705
2.629119873046875,1.158508300781250,0.934277057647705
2.644762039184570,1.158508300781250,0.934277057647705
2.666946411132812,1.158508300781250,0.934277057647705
2.682577133178711,1.174318790435791,0.928912043571472
2.698204040527344,1.174318790435791,0.928912043571472
2.713853836059570,1.174318790435791,0.928912043571472
2.729476928710938,1.174318790435791,0.928912043571472
2.745124816894531,1.174318790435791,0.928912043571472
2.767320632934570,1.193083524703979,0.922730088233948
2.782943725585938,1.193083524703979,0.922730088233948
2.798540115356445,1.193083524703979,0.922730088233948
2.814151763916016,1.214684486389160,0.919490098953247
2.829771041870117,1.214684486389160,0.919490098953247
2.845449447631836,1.214684486389160,0.919490098953247
2.867601394653320,1.214684486389160,0.919490098953247
2.883247375488281,1.234334111213684,0.917525231838226
2.898885726928711,1.234334111213684,0.917525231838226
2.919004440307617,1.234334111213684,0.917525231838226
2.934705734252930,1.234334111213684,0.917525231838226
2.951795578002930,1.253386974334717,0.918841063976288
2.967475891113281,1.253386974334717,0.918841063976288
2.983093261718750,1.253386974334717,0.918841063976288
2.998683929443359,1.253386974334717,0.918841063976288
3.014305114746094,1.271768212318420,0.923389077186584
3.029964447021484,1.271768212318420,0.923389077186584
3.045616149902344,1.271768212318420,0.923389077186584
3.067865371704102,1.271768212318420,0.923389077186584
3.083461761474609,1.287721037864685,0.926192522048950
3.099046707153320,1.287721037864685,0.926192522048950
3.114709854125977,1.287721037864685,0.926192522048950
3.130361557006836,1.287721037864685,0.926192522048950
3.145986557006836,1.303785920143127,0.926402688026428
3.168201446533203,1.303785920143127,0.926402688026428
3.183822631835938,1.303785920143127,0.926402688026428
3.199476242065430,1.303785920143127,0.926402688026428
3.218067169189453,1.324969291687012,0.926240444183350
3.233741760253906,1.324969291687012,0.926240444183350
3.252859115600586,1.324969291687012,0.926240444183350
3.268541336059570,1.324969291687012,0.926240444183350
3.284154891967773,1.349536299705505,0.923772633075714
3.299777984619141,1.349536299705505,0.923772633075714
3.315378189086914,1.349536299705505,0.923772633075714
3.330999374389648,1.349536299705505,0.923772633075714
3.346658706665039,1.373763680458069,0.921107351779938
3.368930816650391,1.373763680458069,0.921107351779938
3.384532928466797,1.373763680458069,0.921107351779938
3.400165557861328,1.373763680458069,0.921107351779938
3.415752410888672,1.397065997123718,0.915274441242218
3.431373596191406,1.397065997123718,0.915274441242218
3.447010040283203,1.397065997123718,0.915274441242218
3.469240188598633,1.397065997123718,0.915274441242218
3.484834671020508,1.417890071868896,0.905283093452454
3.500459671020508,1.417890071868896,0.905283093452454
3.516056060791016,1.417890071868896,0.905283093452454
3.531679153442383,1.417890071868896,0.905283093452454
3.547359466552734,1.435648679733276,0.895778119564056
3.569576263427734,1.435648679733276,0.895778119564056
3.585168838500977,1.435648679733276,0.895778119564056
3.600774765014648,1.435648679733276,0.895778119564056
3.616416931152344,1.435648679733276,0.895778119564056
3.632013320922852,1.451877117156982,0.888853251934052
3.647642135620117,1.451877117156982,0.888853251934052
3.669874191284180,1.468858718872070,0.881925463676453
3.685503005981445,1.468858718872070,0.881925463676453
3.701099395751953,1.468858718872070,0.881925463676453
3.717422485351562,1.468858718872070,0.881925463676453
3.733095169067383,1.468858718872070,0.881925463676453
3.748682022094727,1.487983703613281,0.875629603862762
3.769897460937500,1.487983703613281,0.875629603862762
3.785461425781250,1.487983703613281,0.875629603862762
3.801143646240234,1.487983703613281,0.875629603862762
3.816724777221680,1.509530186653137,0.872564733028412
3.832340240478516,1.509530186653137,0.872564733028412
3.847949981689453,1.509530186653137,0.872564733028412
3.870162963867188,1.530573844909668,0.870207250118256
3.885726928710938,1.530573844909668,0.870207250118256
3.901384353637695,1.530573844909668,0.870207250118256
3.916986465454102,1.530573844909668,0.870207250118256
3.932596206665039,1.530573844909668,0.870207250118256
3.948215484619141,1.549931287765503,0.870970129966736
3.970447540283203,1.549931287765503,0.870970129966736
3.986074447631836,1.549931287765503,0.870970129966736
4.001670837402344,1.549931287765503,0.870970129966736
4.017257690429688,1.569761991500854,0.873983919620514
4.032876968383789,1.569761991500854,0.873983919620514
4.048503875732422,1.569761991500854,0.873983919620514
4.070758819580078,1.587946176528931,0.876442730426788
4.086410522460938,1.587946176528931,0.876442730426788
4.101980209350586,1.587946176528931,0.876442730426788
4.117630004882812,1.587946176528931,0.876442730426788
4.133214950561523,1.587946176528931,0.876442730426788
4.148839950561523,1.604897737503052,0.876000761985779
4.171033859252930,1.604897737503052,0.876000761985779
4.186649322509766,1.604897737503052,0.876000761985779
4.202301025390625,1.604897737503052,0.876000761985779
4.217943191528320,1.626843333244324,0.875041723251343
4.233539581298828,1.626843333244324,0.875041723251343
4.249132156372070,1.626843333244324,0.875041723251343
4.271295547485352,1.651472926139832,0.873093426227570
4.286987304687500,1.651472926139832,0.873093426227570
4.302566528320312,1.651472926139832,0.873093426227570
4.318208694458008,1.651472926139832,0.873093426227570
4.333829879760742,1.651472926139832,0.873093426227570
4.349451065063477,1.676152110099792,0.870061099529266
4.371681213378906,1.676152110099792,0.870061099529266
4.387306213378906,1.676152110099792,0.870061099529266
4.402891159057617,1.676152110099792,0.870061099529266
4.418495178222656,1.697943329811096,0.864639818668365
4.434114456176758,1.697943329811096,0.864639818668365
4.449773788452148,1.697943329811096,0.864639818668365
4.472000122070312,1.718616962432861,0.854654967784882
4.487573623657227,1.718616962432861,0.854654967784882
4.503202438354492,1.718616962432861,0.854654967784882
4.518825531005859,1.718616962432861,0.854654967784882
4.534442901611328,1.718616962432861,0.854654967784882
4.550088882446289,1.736842989921570,0.844492912292480
4.572319030761719,1.736842989921570,0.844492912292480
4.587877273559570,1.736842989921570,0.844492912292480
4.603519439697266,1.736842989921570,0.844492912292480
4.619186401367188,1.736842989921570,0.844492912292480
4.634786605834961,1.753450751304626,0.836853981018066
4.650384902954102,1.753450751304626,0.836853981018066
4.672597885131836,1.771148085594177,0.829401373863220
4.688226699829102,1.771148085594177,0.829401373863220
4.703794479370117,1.771148085594177,0.829401373863220
4.719469070434570,1.771148085594177,0.829401373863220
4.735027313232422,1.771148085594177,0.829401373863220
4.750671386718750,1.790234208106995,0.821436703205109
4.772886276245117,1.790234208106995,0.821436703205109
4.788463592529297,1.790234208106995,0.821436703205109
4.804080963134766,1.790234208106995,0.821436703205109
4.819757461547852,1.812014579772949,0.815882444381714
4.835336685180664,1.812014579772949,0.815882444381714
4.850988388061523,1.812014579772949,0.815882444381714
4.873165130615234,1.812014579772949,0.815882444381714
4.888843536376953,1.831977128982544,0.811899006366730
4.904401779174805,1.831977128982544,0.811899006366730
4.920045852661133,1.831977128982544,0.811899006366730
4.935699462890625,1.831977128982544,0.811899006366730
4.951332092285156,1.851250886917114,0.812042593955994
4.973539352416992,1.851250886917114,0.812042593955994
4.989143371582031,1.851250886917114,0.812042593955994
5.004768371582031,1.871207952499390,0.815538823604584
5.020439147949219,1.871207952499390,0.815538823604584
5.036020278930664,1.871207952499390,0.815538823604584
5.051643371582031,1.871207952499390,0.815538823604584
5.073810577392578,1.871207952499390,0.815538823604584
5.105054855346680,1.890188097953796,0.818707287311554
5.120676040649414,1.890188097953796,0.818707287311554
5.136301040649414,1.890188097953796,0.818707287311554
5.151924133300781,1.908571839332581,0.819685578346252
5.174068450927734,1.908571839332581,0.819685578346252
5.189750671386719,1.908571839332581,0.819685578346252
5.205373764038086,1.930904746055603,0.818559288978577
5.220956802368164,1.930904746055603,0.818559288978577
5.236589431762695,1.930904746055603,0.818559288978577
5.252208709716797,1.930904746055603,0.818559288978577
5.274393081665039,1.955513119697571,0.816503405570984
5.290040969848633,1.955513119697571,0.816503405570984
5.305643081665039,1.955513119697571,0.816503405570984
5.321266174316406,1.955513119697571,0.816503405570984
5.336929321289062,1.955513119697571,0.816503405570984
5.352516174316406,1.980626940727234,0.812559187412262
5.374746322631836,1.980626940727234,0.812559187412262
5.390316009521484,1.980626940727234,0.812559187412262
5.405948638916016,1.980626940727234,0.812559187412262
5.421558380126953,2.002019882202148,0.807117044925690
5.437196731567383,2.002019882202148,0.807117044925690
5.452865600585938,2.002019882202148,0.807117044925690
5.475049972534180,2.022102117538452,0.796729385852814
5.490667343139648,2.022102117538452,0.796729385852814
5.506299972534180,2.022102117538452,0.796729385852814
5.521968841552734,2.022102117538452,0.796729385852814
5.537580490112305,2.039095163345337,0.785539925098419
5.553216934204102,2.039095163345337,0.785539925098419
5.575393676757812,2.039095163345337,0.785539925098419
5.591030120849609,2.039095163345337,0.785539925098419
5.606655120849609,2.056686639785767,0.776939034461975
5.622245788574219,2.056686639785767,0.776939034461975
5.637870788574219,2.056686639785767,0.776939034461975
5.653545379638672,2.056686639785767,0.776939034461975
5.675777435302734,2.073534488677979,0.769693076610565
5.691402435302734,2.073534488677979,0.769693076610565
5.706972122192383,2.073534488677979,0.769693076610565
5.722600936889648,2.073534488677979,0.769693076610565
5.738225936889648,2.093044519424438,0.762943029403687
5.753845214843750,2.093044519424438,0.762943029403687
5.776008605957031,2.093044519424438,0.762943029403687
5.791650772094727,2.093044519424438,0.762943029403687
5.807258605957031,2.093044519424438,0.762943029403687
5.822896957397461,2.093044519424438,0.762943029403687
5.838569641113281,2.113958358764648,0.758323490619659
5.854167938232422,2.113958358764648,0.758323490619659
5.876350402832031,2.113958358764648,0.758323490619659
5.891981124877930,2.132942199707031,0.755168318748474
5.907604217529297,2.132942199707031,0.755168318748474
5.923229217529297,2.132942199707031,0.755168318748474
5.938852310180664,2.151762962341309,0.755664229393005
5.954458236694336,2.151762962341309,0.755664229393005
5.976663589477539,2.151762962341309,0.755664229393005
5.992311477661133,2.151762962341309,0.755664229393005
6.007892608642578,2.171378135681152,0.759228527545929
6.023494720458984,2.171378135681152,0.759228527545929
6.039142608642578,2.171378135681152,0.759228527545929
6.054794311523438,2.171378135681152,0.759228527545929
6.077026367187500,2.190455436706543,0.762037515640259
6.092620849609375,2.190455436706543,0.762037515640259
6.108228683471680,2.190455436706543,0.762037515640259
6.123834609985352,2.190455436706543,0.762037515640259
6.139476776123047,2.209151268005371,0.761993527412415
6.155145645141602,2.209151268005371,0.761993527412415
6.177326202392578,2.209151268005371,0.761993527412415
6.192968368530273,2.209151268005371,0.761993527412415
6.208576202392578,2.231215715408325,0.759886980056763
6.224245071411133,2.231215715408325,0.759886980056763
6.239839553833008,2.231215715408325,0.759886980056763
6.255447387695312,2.231215715408325,0.759886980056763
6.277671813964844,2.231215715408325,0.759886980056763
6.293277740478516,2.255878925323486,0.757230043411255
6.308919906616211,2.255878925323486,0.757230043411255
6.324499130249023,2.255878925323486,0.757230043411255
6.340118408203125,2.279511690139771,0.754249036312103
6.355745315551758,2.279511690139771,0.754249036312103
6.377923965454102,2.279511690139771,0.754249036312103
6.393550872802734,2.279511690139771,0.754249036312103
6.409189224243164,2.300304651260376,0.750118374824524
6.424797058105469,2.300304651260376,0.750118374824524
6.440422058105469,2.300304651260376,0.750118374824524
6.456092834472656,2.300304651260376,0.750118374824524
6.478275299072266,2.319778203964233,0.740137159824371
6.493898391723633,2.319778203964233,0.740137159824371
6.509540557861328,2.319778203964233,0.740137159824371
6.525146484375000,2.319778203964233,0.740137159824371
6.540798187255859,2.338095903396606,0.728886485099792
6.556444168090820,2.338095903396606,0.728886485099792
6.578651428222656,2.338095903396606,0.728886485099792
6.594301223754883,2.338095903396606,0.728886485099792
6.609922409057617,2.356056690216064,0.719235301017761
6.625492095947266,2.356056690216064,0.719235301017761
6.641170501708984,2.356056690216064,0.719235301017761
6.656770706176758,2.356056690216064,0.719235301017761
6.679000854492188,2.374372243881226,0.710963428020477
6.694597244262695,2.374372243881226,0.710963428020477
6.710248947143555,2.374372243881226,0.710963428020477
6.725818634033203,2.374372243881226,0.710963428020477
6.741497039794922,2.394222497940063,0.702860414981842
6.757076263427734,2.394222497940063,0.702860414981842
6.779293060302734,2.394222497940063,0.702860414981842
6.794885635375977,2.394222497940063,0.702860414981842
6.810491561889648,2.415206909179688,0.697273790836334
6.826114654541016,2.415206909179688,0.697273790836334
6.841781616210938,2.415206909179688,0.697273790836334
6.857362747192383,2.415206909179688,0.697273790836334
6.879592895507812,2.434284687042236,0.694270014762878
6.895164489746094,2.434284687042236,0.694270014762878
6.910840988159180,2.434284687042236,0.694270014762878
6.926465988159180,2.434284687042236,0.694270014762878
6.942079544067383,2.434284687042236,0.694270014762878
6.957668304443359,2.451301097869873,0.694234609603882
6.979879379272461,2.451301097869873,0.694234609603882
6.995506286621094,2.451301097869873,0.694234609603882
7.011083602905273,2.470859766006470,0.696432173252106
7.026752471923828,2.470859766006470,0.696432173252106
7.042324066162109,2.470859766006470,0.696432173252106
7.057979583740234,2.470859766006470,0.696432173252106
7.080204010009766,2.489274263381958,0.697124123573303
7.095829010009766,2.489274263381958,0.697124123573303
7.111423492431641,2.489274263381958,0.697124123573303
7.127075195312500,2.489274263381958,0.697124123573303
7.142650604248047,2.508085966110229,0.695174157619476
7.158277511596680,2.508085966110229,0.695174157619476
7.180475234985352,2.508085966110229,0.695174157619476
7.196128845214844,2.508085966110229,0.695174157619476
7.211688995361328,2.530534267425537,0.692487120628357
7.227376937866211,2.530534267425537,0.692487120628357
7.243001937866211,2.530534267425537,0.692487120628357
7.258594512939453,2.530534267425537,0.692487120628357
7.280757904052734,2.530534267425537,0.692487120628357
7.296400070190430,2.555281639099121,0.688824176788330
7.312021255493164,2.555281639099121,0.688824176788330
7.327644348144531,2.555281639099121,0.688824176788330
7.343269348144531,2.578119277954102,0.684993803501129
7.358894348144531,2.578119277954102,0.684993803501129
7.381082534790039,2.578119277954102,0.684993803501129
7.396732330322266,2.578119277954102,0.684993803501129
7.412357330322266,2.597824096679688,0.678721189498901
7.427951812744141,2.597824096679688,0.678721189498901
7.443603515625000,2.597824096679688,0.678721189498901
7.459184646606445,2.597824096679688,0.678721189498901
7.481378555297852,2.616514921188354,0.669551432132721
7.496982574462891,2.616514921188354,0.669551432132721
7.512659072875977,2.616514921188354,0.669551432132721
7.528219223022461,2.616514921188354,0.669551432132721
7.543905258178711,2.634733438491821,0.657255351543427
7.559484481811523,2.634733438491821,0.657255351543427
7.581668853759766,2.634733438491821,0.657255351543427
7.597255706787109,2.634733438491821,0.657255351543427
7.612894058227539,2.653260946273804,0.648205697536469
7.628519058227539,2.653260946273804,0.648205697536469
7.644144058227539,2.653260946273804,0.648205697536469
7.659769058227539,2.653260946273804,0.648205697536469
7.681943893432617,2.672929286956787,0.640613675117493
7.697566986083984,2.672929286956787,0.640613675117493
7.713218688964844,2.672929286956787,0.640613675117493
7.728866577148438,2.672929286956787,0.640613675117493
7.744464874267578,2.693696260452271,0.632442235946655
7.760114669799805,2.693696260452271,0.632442235946655
7.782297134399414,2.693696260452271,0.632442235946655
7.797924041748047,2.693696260452271,0.632442235946655
7.813550949096680,2.693696260452271,0.632442235946655
7.829198837280273,2.714542388916016,0.627172529697418
7.844800949096680,2.714542388916016,0.627172529697418
7.860399246215820,2.714542388916016,0.627172529697418
7.882581710815430,2.732150793075562,0.622487723827362
7.898180007934570,2.732150793075562,0.622487723827362
7.913789749145508,2.732150793075562,0.622487723827362
7.929481506347656,2.732150793075562,0.622487723827362
7.945104598999023,2.748284339904785,0.621528863906860
7.960704803466797,2.748284339904785,0.621528863906860
7.982891082763672,2.748284339904785,0.621528863906860
7.998491287231445,2.748284339904785,0.621528863906860
8.014125823974609,2.766722202301025,0.622504055500031
8.029764175415039,2.766722202301025,0.622504055500031
8.045415878295898,2.766722202301025,0.622504055500031
8.060977935791016,2.766722202301025,0.622504055500031
8.083181381225586,2.785484790802002,0.624285578727722
8.098808288574219,2.785484790802002,0.624285578727722
8.114431381225586,2.785484790802002,0.624285578727722
8.130033493041992,2.785484790802002,0.624285578727722
8.145708084106445,2.805685997009277,0.622997045516968
8.161336898803711,2.805685997009277,0.622997045516968
8.183536529541016,2.805685997009277,0.622997045516968
8.199138641357422,2.805685997009277,0.622997045516968
8.214761734008789,2.828965902328491,0.620394051074982
8.230421066284180,2.828965902328491,0.620394051074982
8.246059417724609,2.828965902328491,0.620394051074982
8.261682510375977,2.828965902328491,0.620394051074982
8.283872604370117,2.854682683944702,0.617484211921692
8.299472808837891,2.854682683944702,0.617484211921692
8.315116882324219,2.854682683944702,0.617484211921692
8.330770492553711,2.854682683944702,0.617484211921692
8.346368789672852,2.878024339675903,0.614368677139282
8.362020492553711,2.878024339675903,0.614368677139282
8.384181976318359,2.878024339675903,0.614368677139282
8.399816513061523,2.878024339675903,0.614368677139282
8.415464401245117,2.878024339675903,0.614368677139282
8.431064605712891,2.898471832275391,0.609489440917969
8.446676254272461,2.898471832275391,0.609489440917969
8.462364196777344,2.898471832275391,0.609489440917969
8.484533309936523,2.916377067565918,0.600310385227203
8.500173568725586,2.916377067565918,0.600310385227203
8.515787124633789,2.916377067565918,0.600310385227203
8.531433105468750,2.916377067565918,0.600310385227203
8.547088623046875,2.933429956436157,0.590015351772308
8.562685012817383,2.933429956436157,0.590015351772308
8.584964752197266,2.933429956436157,0.590015351772308
8.600559234619141,2.933429956436157,0.590015351772308
8.616182327270508,2.951159715652466,0.581518650054932
8.631774902343750,2.951159715652466,0.581518650054932
8.647462844848633,2.951159715652466,0.581518650054932
8.663034439086914,2.951159715652466,0.581518650054932
8.685186386108398,2.970877170562744,0.573517143726349
8.700805664062500,2.970877170562744,0.573517143726349
8.716434478759766,2.970877170562744,0.573517143726349
8.732069015502930,2.970877170562744,0.573517143726349
8.747692108154297,2.991552591323853,0.565140306949615
8.763370513916016,2.991552591323853,0.565140306949615
8.785598754882812,2.991552591323853,0.565140306949615
8.801176071166992,2.991552591323853,0.565140306949615
8.816781997680664,3.012737274169922,0.558705687522888
8.832439422607422,3.012737274169922,0.558705687522888
8.848064422607422,3.012737274169922,0.558705687522888
8.863716125488281,3.012737274169922,0.558705687522888
8.885967254638672,3.031186580657959,0.554213464260101
8.901544570922852,3.031186580657959,0.554213464260101
8.917154312133789,3.031186580657959,0.554213464260101
8.932806015014648,3.031186580657959,0.554213464260101
8.948396682739258,3.047525882720947,0.552564263343811
8.964090347290039,3.047525882720947,0.552564263343811
8.986356735229492,3.047525882720947,0.552564263343811
9.001932144165039,3.047525882720947,0.552564263343811
9.017538070678711,3.066130638122559,0.554283559322357
9.033199310302734,3.066130638122559,0.554283559322357
9.048799514770508,3.066130638122559,0.554283559322357
9.064447402954102,3.066130638122559,0.554283559322357
9.086702346801758,3.085971117019653,0.556408286094666
9.102319717407227,3.085971117019653,0.556408286094666
9.117979049682617,3.085971117019653,0.556408286094666
9.133533477783203,3.085971117019653,0.556408286094666
9.149192810058594,3.106855392456055,0.555455684661865
9.164781570434570,3.106855392456055,0.555455684661865
9.186952590942383,3.106855392456055,0.555455684661865
9.202638626098633,3.106855392456055,0.555455684661865
9.218263626098633,3.129813909530640,0.553883671760559
9.233858108520508,3.129813909530640,0.553883671760559
9.249458312988281,3.129813909530640,0.553883671760559
9.265104293823242,3.129813909530640,0.553883671760559
9.287342071533203,3.156781673431396,0.549662470817566
9.302951812744141,3.156781673431396,0.549662470817566
9.318565368652344,3.156781673431396,0.549662470817566
9.334150314331055,3.156781673431396,0.549662470817566
9.349784851074219,3.178660392761230,0.545330584049225
9.365430831909180,3.178660392761230,0.545330584049225
9.387666702270508,3.178660392761230,0.545330584049225
9.403240203857422,3.178660392761230,0.545330584049225
9.418863296508789,3.186841726303101,0.541593313217163
9.434488296508789,3.186841726303101,0.541593313217163
9.450092315673828,3.186841726303101,0.541593313217163
9.465715408325195,3.186841726303101,0.541593313217163
9.487951278686523,3.249349117279053,0.527077257633209
9.503551483154297,3.249349117279053,0.527077257633209
9.519149780273438,3.249349117279053,0.527077257633209
9.534772872924805,3.249349117279053,0.527077257633209
9.550382614135742,3.268819332122803,0.516125917434692
9.566038131713867,3.268819332122803,0.516125917434692
9.588249206542969,3.268819332122803,0.516125917434692
9.603830337524414,3.268819332122803,0.516125917434692
9.619470596313477,3.283938407897949,0.507164359092712
9.635078430175781,3.283938407897949,0.507164359092712
9.650718688964844,3.283938407897949,0.507164359092712
9.666339874267578,3.283938407897949,0.507164359092712
9.688554763793945,3.297456026077271,0.499264627695084
9.704137802124023,3.297456026077271,0.499264627695084
9.719779968261719,3.297456026077271,0.499264627695084
9.735387802124023,3.297456026077271,0.499264627695084
9.751049041748047,3.314474582672119,0.490473479032516
9.766624450683594,3.314474582672119,0.490473479032516
9.788787841796875,3.314474582672119,0.490473479032516
9.804430007934570,3.314474582672119,0.490473479032516
9.820037841796875,3.336323738098145,0.483968973159790
9.835725784301758,3.336323738098145,0.483968973159790
9.851303100585938,3.336323738098145,0.483968973159790
9.866903305053711,3.336323738098145,0.483968973159790
9.889085769653320,3.336323738098145,0.483968973159790
9.904760360717773,3.359095096588135,0.479518443346024
9.920339584350586,3.359095096588135,0.479518443346024
9.935956954956055,3.359095096588135,0.479518443346024
9.951633453369141,3.380043029785156,0.477817356586456
9.967193603515625,3.380043029785156,0.477817356586456
9.989387512207031,3.380043029785156,0.477817356586456
10.005002975463867,3.402882575988770,0.478922992944717
10.020629882812500,3.402882575988770,0.478922992944717
10.036270141601562,3.402882575988770,0.478922992944717
10.051876068115234,3.402882575988770,0.478922992944717
10.067485809326172,3.402882575988770,0.478922992944717
10.089717864990234,3.421019077301025,0.480329215526581
10.105289459228516,3.421019077301025,0.480329215526581
10.120914459228516,3.421019077301025,0.480329215526581
10.136564254760742,3.421019077301025,0.480329215526581
10.152214050292969,3.421019077301025,0.480329215526581
10.167774200439453,3.435897111892700,0.479780644178391
10.189960479736328,3.435897111892700,0.479780644178391
10.205575942993164,3.454670429229736,0.476644039154053
10.221254348754883,3.454670429229736,0.476644039154053
10.236833572387695,3.454670429229736,0.476644039154053
10.252502441406250,3.454670429229736,0.476644039154053
10.268079757690430,3.454670429229736,0.476644039154053
10.290292739868164,3.478057146072388,0.473151683807373
10.305849075317383,3.478057146072388,0.473151683807373
10.321496963500977,3.478057146072388,0.473151683807373
10.337165832519531,3.478057146072388,0.473151683807373
10.352741241455078,3.505318164825439,0.469055563211441
10.368368148803711,3.505318164825439,0.469055563211441
10.390531539916992,3.505318164825439,0.469055563211441
10.406154632568359,3.531710624694824,0.464472919702530
10.421823501586914,3.531710624694824,0.464472919702530
10.437404632568359,3.531710624694824,0.464472919702530
10.453048706054688,3.531710624694824,0.464472919702530
10.468650817871094,3.531710624694824,0.464472919702530
10.490863800048828,3.555600166320801,0.455901831388474
10.506441116333008,3.555600166320801,0.455901831388474
10.522085189819336,3.555600166320801,0.455901831388474
10.537689208984375,3.555600166320801,0.455901831388474
10.553302764892578,3.555600166320801,0.455901831388474
10.568937301635742,3.575005769729614,0.444669216871262
10.591167449951172,3.575005769729614,0.444669216871262
10.606748580932617,3.575005769729614,0.444669216871262
10.622388839721680,3.590552568435669,0.434825122356415
10.637996673583984,3.590552568435669,0.434825122356415
10.653604507446289,3.590552568435669,0.434825122356415
10.669242858886719,3.590552568435669,0.434825122356415
10.691452026367188,3.605050563812256,0.425719618797302
10.707096099853516,3.605050563812256,0.425719618797302
10.722675323486328,3.605050563812256,0.425719618797302
10.738344192504883,3.605050563812256,0.425719618797302
10.753967285156250,3.621998548507690,0.415668845176697
10.769536972045898,3.621998548507690,0.415668845176697
10.791721343994141,3.621998548507690,0.415668845176697
10.807327270507812,3.643326044082642,0.408826738595963
10.822954177856445,3.643326044082642,0.408826738595963
10.838621139526367,3.643326044082642,0.408826738595963
10.854200363159180,3.643326044082642,0.408826738595963
10.869840621948242,3.643326044082642,0.408826738595963
10.892032623291016,3.665531873703003,0.404098689556122
10.907649993896484,3.665531873703003,0.404098689556122
10.923261642456055,3.665531873703003,0.404098689556122
10.938922882080078,3.685884237289429,0.402826040983200
10.954523086547852,3.685884237289429,0.402826040983200
10.970157623291016,3.685884237289429,0.402826040983200
10.992345809936523,3.685884237289429,0.402826040983200
11.007987976074219,3.707640171051025,0.404189735651016
11.023637771606445,3.707640171051025,0.404189735651016
11.039213180541992,3.707640171051025,0.404189735651016
11.054843902587891,3.707640171051025,0.404189735651016
11.070465087890625,3.707640171051025,0.404189735651016
11.092672348022461,3.727228403091431,0.405670046806335
11.108234405517578,3.727228403091431,0.405670046806335
11.123920440673828,3.727228403091431,0.405670046806335
11.139526367187500,3.727228403091431,0.405670046806335
11.155126571655273,3.742995023727417,0.404250353574753
11.170795440673828,3.742995023727417,0.404250353574753
11.193021774291992,3.742995023727417,0.404250353574753
11.208600997924805,3.761617660522461,0.400773495435715
11.224227905273438,3.761617660522461,0.400773495435715
11.239849090576172,3.761617660522461,0.400773495435715
11.255466461181641,3.761617660522461,0.400773495435715
11.271141052246094,3.761617660522461,0.400773495435715
11.293327331542969,3.785996437072754,0.395951986312866
11.308996200561523,3.785996437072754,0.395951986312866
11.324569702148438,3.785996437072754,0.395951986312866
11.340200424194336,3.785996437072754,0.395951986312866
11.355821609497070,3.785996437072754,0.395951986312866
11.371446609497070,3.811816215515137,0.392007797956467
11.393655776977539,3.811816215515137,0.392007797956467
11.409261703491211,3.838542938232422,0.388131171464920
11.424900054931641,3.838542938232422,0.388131171464920
11.440549850463867,3.838542938232422,0.388131171464920
11.456138610839844,3.838542938232422,0.388131171464920
11.471796035766602,3.861213684082031,0.378818660974503
11.493999481201172,3.861213684082031,0.378818660974503
11.509607315063477,3.861213684082031,0.378818660974503
11.525213241577148,3.861213684082031,0.378818660974503
11.540899276733398,3.882185697555542,0.367796182632446
11.556478500366211,3.882185697555542,0.367796182632446
11.572082519531250,3.882185697555542,0.367796182632446
11.594264984130859,3.882185697555542,0.367796182632446
11.609933853149414,3.898389577865601,0.356917768716812
11.625516891479492,3.898389577865601,0.356917768716812
11.641122817993164,3.898389577865601,0.356917768716812
11.656808853149414,3.898389577865601,0.356917768716812
11.672388076782227,3.912471532821655,0.347756236791611
11.694616317749023,3.912471532821655,0.347756236791611
11.710189819335938,3.912471532821655,0.347756236791611
11.725818634033203,3.912471532821655,0.347756236791611
11.741460800170898,3.929150342941284,0.337310045957565
11.757066726684570,3.929150342941284,0.337310045957565
11.772678375244141,3.929150342941284,0.337310045957565
11.794864654541016,3.929150342941284,0.337310045957565
11.810504913330078,3.949552297592163,0.329301476478577
11.826112747192383,3.949552297592163,0.329301476478577
11.841718673706055,3.949552297592163,0.329301476478577
11.857379913330078,3.949552297592163,0.329301476478577
11.872983932495117,3.970346212387085,0.324125975370407
11.895217895507812,3.970346212387085,0.324125975370407
11.910793304443359,3.970346212387085,0.324125975370407
11.926418304443359,3.970346212387085,0.324125975370407
11.942089080810547,3.990992069244385,0.321922987699509
11.957687377929688,3.990992069244385,0.321922987699509
11.973335266113281,3.990992069244385,0.321922987699509
11.995567321777344,3.990992069244385,0.321922987699509
12.011192321777344,4.012735843658447,0.322700172662735
12.026752471923828,4.012735843658447,0.322700172662735
12.042390823364258,4.012735843658447,0.322700172662735
12.057996749877930,4.012735843658447,0.322700172662735
12.073640823364258,4.012735843658447,0.322700172662735
12.095800399780273,4.030967712402344,0.323331147432327
12.111476898193359,4.030967712402344,0.323331147432327
12.127073287963867,4.030967712402344,0.323331147432327
12.142679214477539,4.047247886657715,0.321599334478378
12.158306121826172,4.047247886657715,0.321599334478378
12.173971176147461,4.047247886657715,0.321599334478378
12.196178436279297,4.047247886657715,0.321599334478378
12.211830139160156,4.066691875457764,0.317082375288010
12.227455139160156,4.066691875457764,0.317082375288010
12.243072509765625,4.066691875457764,0.317082375288010
12.258651733398438,4.066691875457764,0.317082375288010
12.274259567260742,4.066691875457764,0.317082375288010
12.296411514282227,4.091535568237305,0.311833590269089
12.312095642089844,4.091535568237305,0.311833590269089
12.327722549438477,4.091535568237305,0.311833590269089
12.343292236328125,4.117674827575684,0.306879073381424
12.358922958374023,4.117674827575684,0.306879073381424
12.374528884887695,4.117674827575684,0.306879073381424
12.396680831909180,4.117674827575684,0.306879073381424
12.412364959716797,4.142890930175781,0.301916152238846
12.427991867065430,4.142890930175781,0.301916152238846
12.443586349487305,4.142890930175781,0.301916152238846
12.459238052368164,4.142890930175781,0.301916152238846
12.474815368652344,4.164317131042480,0.293209582567215
12.496997833251953,4.164317131042480,0.293209582567215
12.516872406005859,4.164317131042480,0.293209582567215
12.532520294189453,4.164317131042480,0.293209582567215
12.552396774291992,4.183112621307373,0.280985683202744
12.568078994750977,4.183112621307373,0.280985683202744
12.597332000732422,4.183112621307373,0.280985683202744
12.612926483154297,4.183112621307373,0.280985683202744
12.628580093383789,4.199421405792236,0.269961148500443
12.644203186035156,4.199421405792236,0.269961148500443
12.659824371337891,4.199421405792236,0.269961148500443
12.675449371337891,4.214267730712891,0.260169953107834
12.697668075561523,4.214267730712891,0.260169953107834
12.713277816772461,4.214267730712891,0.260169953107834
12.728916168212891,4.214267730712891,0.260169953107834
12.744543075561523,4.232055664062500,0.249866113066673
12.760135650634766,4.232055664062500,0.249866113066673
12.775791168212891,4.232055664062500,0.249866113066673
12.797986984252930,4.232055664062500,0.249866113066673
12.813638687133789,4.251543998718262,0.242729440331459
12.829235076904297,4.251543998718262,0.242729440331459
12.844886779785156,4.251543998718262,0.242729440331459
12.860448837280273,4.251543998718262,0.242729440331459
12.876131057739258,4.251543998718262,0.242729440331459
12.898330688476562,4.271806716918945,0.236924216151237
12.913982391357422,4.271806716918945,0.236924216151237
12.929550170898438,4.271806716918945,0.236924216151237
12.945228576660156,4.290843486785889,0.234405666589737
12.960855484008789,4.290843486785889,0.234405666589737
12.976455688476562,4.290843486785889,0.234405666589737
12.998655319213867,4.290843486785889,0.234405666589737
13.014263153076172,4.312344551086426,0.235817685723305
13.029928207397461,4.312344551086426,0.235817685723305
13.045528411865234,4.312344551086426,0.235817685723305
13.061176300048828,4.312344551086426,0.235817685723305
13.076778411865234,4.312344551086426,0.235817685723305
13.098983764648438,4.331950664520264,0.237444117665291
13.114610671997070,4.331950664520264,0.237444117665291
13.130260467529297,4.331950664520264,0.237444117665291
13.145822525024414,4.349747657775879,0.236909240484238
13.161508560180664,4.349747657775879,0.236909240484238
13.177133560180664,4.349747657775879,0.236909240484238
13.199323654174805,4.349747657775879,0.236909240484238
13.214950561523438,4.369620323181152,0.234833702445030
13.230600357055664,4.369620323181152,0.234833702445030
13.246223449707031,4.369620323181152,0.234833702445030
13.261825561523438,4.369620323181152,0.234833702445030
13.277471542358398,4.394423961639404,0.232135444879532
13.299638748168945,4.394423961639404,0.232135444879532
13.315290451049805,4.394423961639404,0.232135444879532
13.330944061279297,4.394423961639404,0.232135444879532
13.346569061279297,4.420176506042480,0.228651106357574
13.362165451049805,4.420176506042480,0.228651106357574
13.377765655517578,4.420176506042480,0.228651106357574
13.399988174438477,4.420176506042480,0.228651106357574
13.415613174438477,4.444715976715088,0.224589779973030
13.431240081787109,4.444715976715088,0.224589779973030
13.446889877319336,4.444715976715088,0.224589779973030
13.462512969970703,4.444715976715088,0.224589779973030
13.478109359741211,4.466506958007812,0.215110614895821
13.500331878662109,4.466506958007812,0.215110614895821
13.515962600708008,4.466506958007812,0.215110614895821
13.531610488891602,4.466506958007812,0.215110614895821
13.547233581542969,4.466506958007812,0.215110614895821
13.562885284423828,4.485911846160889,0.200875848531723
13.578481674194336,4.485911846160889,0.200875848531723
13.600648880004883,4.485911846160889,0.200875848531723
13.616287231445312,4.485911846160889,0.200875848531723
13.631906509399414,4.502614021301270,0.188376560807228
13.647556304931641,4.502614021301270,0.188376560807228
13.663208007812500,4.502614021301270,0.188376560807228
13.678833007812500,4.518126487731934,0.177427306771278
13.701021194458008,4.518126487731934,0.177427306771278
13.716676712036133,4.518126487731934,0.177427306771278
13.732278823852539,4.518126487731934,0.177427306771278
13.747920989990234,4.535919189453125,0.165635764598846
13.763574600219727,4.535919189453125,0.165635764598846
13.779203414916992,4.535919189453125,0.165635764598846
13.801399230957031,4.535919189453125,0.165635764598846
13.817018508911133,4.535919189453125,0.165635764598846
13.832616806030273,4.556105613708496,0.156741827726364
13.848230361938477,4.556105613708496,0.156741827726364
13.863851547241211,4.556105613708496,0.156741827726364
13.879493713378906,4.576829433441162,0.151518523693085
13.901716232299805,4.576829433441162,0.151518523693085
13.917324066162109,4.576829433441162,0.151518523693085
13.932916641235352,4.576829433441162,0.151518523693085
13.948537826538086,4.596391201019287,0.150361642241478
13.964159011840820,4.596391201019287,0.150361642241478
13.979833602905273,4.596391201019287,0.150361642241478
14.002065658569336,4.596391201019287,0.150361642241478
14.017677307128906,4.616952896118164,0.153334453701973
14.033329010009766,4.616952896118164,0.153334453701973
14.048955917358398,4.616952896118164,0.153334453701973
14.064580917358398,4.616952896118164,0.153334453701973
14.080167770385742,4.616952896118164,0.153334453701973
14.102338790893555,4.637392520904541,0.155953213572502
14.118005752563477,4.637392520904541,0.155953213572502
14.133584976196289,4.637392520904541,0.155953213572502
14.149209976196289,4.655553817749023,0.155461788177490
14.164842605590820,4.655553817749023,0.155461788177490
14.180496215820312,4.655553817749023,0.155461788177490
14.202770233154297,4.655553817749023,0.155461788177490
14.218391418457031,4.673940181732178,0.153170496225357
14.233997344970703,4.673940181732178,0.153170496225357
14.249586105346680,4.673940181732178,0.153170496225357
14.265224456787109,4.673940181732178,0.153170496225357
14.280887603759766,4.698274612426758,0.148326396942139
14.303115844726562,4.698274612426758,0.148326396942139
14.318677902221680,4.698274612426758,0.148326396942139
14.334299087524414,4.698274612426758,0.148326396942139
14.349954605102539,4.722388744354248,0.144413262605667
14.365554809570312,4.722388744354248,0.144413262605667
14.381219863891602,4.722388744354248,0.144413262605667
14.403474807739258,4.722388744354248,0.144413262605667
14.419052124023438,4.746002197265625,0.139000982046127
14.434659957885742,4.746002197265625,0.139000982046127
14.450302124023438,4.746002197265625,0.139000982046127
14.465906143188477,4.746002197265625,0.139000982046127
14.481567382812500,4.766628742218018,0.129060253500938
14.503828048706055,4.766628742218018,0.129060253500938
14.519424438476562,4.766628742218018,0.129060253500938
14.535026550292969,4.766628742218018,0.129060253500938
14.550687789916992,4.785566806793213,0.115838408470154
14.566284179687500,4.785566806793213,0.115838408470154
14.581907272338867,4.785566806793213,0.115838408470154
14.604112625122070,4.785566806793213,0.115838408470154
14.619762420654297,4.802329063415527,0.104132205247879
14.635362625122070,4.802329063415527,0.104132205247879
14.650985717773438,4.802329063415527,0.104132205247879
14.666584014892578,4.802329063415527,0.104132205247879
14.682199478149414,4.819100856781006,0.094262115657330
14.704406738281250,4.819100856781006,0.094262115657330
14.720058441162109,4.819100856781006,0.094262115657330
14.735664367675781,4.819100856781006,0.094262115657330
14.751268386840820,4.819100856781006,0.094262115657330
14.766899108886719,4.837046623229980,0.084621690213680
14.782497406005859,4.837046623229980,0.084621690213680
14.804719924926758,4.837046623229980,0.084621690213680
14.820404052734375,4.857228279113770,0.077313773334026
14.836029052734375,4.857228279113770,0.077313773334026
14.851596832275391,4.857228279113770,0.077313773334026
14.867256164550781,4.857228279113770,0.077313773334026
14.882841110229492,4.877368927001953,0.071790687739849
14.905069351196289,4.877368927001953,0.071790687739849
14.920663833618164,4.877368927001953,0.071790687739849
14.936317443847656,4.877368927001953,0.071790687739849
14.951889038085938,4.894767761230469,0.067693151533604
14.967504501342773,4.894767761230469,0.067693151533604
14.983135223388672,4.894767761230469,0.067693151533604
15.005361557006836,4.894767761230469,0.067693151533604
15.020940780639648,4.894767761230469,0.067693151533604
15.036609649658203,4.914689540863037,0.068258479237556
15.052171707153320,4.914689540863037,0.068258479237556
15.067792892456055,4.914689540863037,0.068258479237556
15.083454132080078,4.934206962585449,0.070522248744965
15.105667114257812,4.934206962585449,0.070522248744965
15.121250152587891,4.934206962585449,0.070522248744965
15.136873245239258,4.934206962585449,0.070522248744965
15.152519226074219,4.951831817626953,0.070377968251705
15.168111801147461,4.951831817626953,0.070377968251705
15.183727264404297,4.951831817626953,0.070377968251705
15.205959320068359,4.951831817626953,0.070377968251705
15.221584320068359,4.951831817626953,0.070377968251705
15.237146377563477,4.971104621887207,0.067786566913128
15.252832412719727,4.971104621887207,0.067786566913128
15.268394470214844,4.971104621887207,0.067786566913128
15.284015655517578,4.995048522949219,0.064298927783966
15.306222915649414,4.995048522949219,0.064298927783966
15.321874618530273,4.995048522949219,0.064298927783966
15.337471008300781,4.995048522949219,0.064298927783966
15.353076934814453,5.018917560577393,0.059056907892227
15.368717193603516,5.018917560577393,0.059056907892227
15.384307861328125,5.018917560577393,0.059056907892227
15.406515121459961,5.018917560577393,0.059056907892227
15.422164916992188,5.041555404663086,0.055403240025043
15.437744140625000,5.041555404663086,0.055403240025043
15.453414916992188,5.041555404663086,0.055403240025043
15.468975067138672,5.041555404663086,0.055403240025043
15.484613418579102,5.063180923461914,0.055212669074535
15.506780624389648,5.063180923461914,0.055212669074535
15.522464752197266,5.063180923461914,0.055212669074535
15.538045883178711,5.063180923461914,0.055212669074535
15.553699493408203,5.082459449768066,0.059240113943815
15.569337844848633,5.082459449768066,0.059240113943815
15.584896087646484,5.082459449768066,0.059240113943815
15.607063293457031,5.082459449768066,0.059240113943815
15.622751235961914,5.097769737243652,0.060088686645031
15.638380050659180,5.097769737243652,0.060088686645031
15.653940200805664,5.097769737243652,0.060088686645031
15.669576644897461,5.097769737243652,0.060088686645031
15.685197830200195,5.115221023559570,0.057046715170145
15.707424163818359,5.115221023559570,0.057046715170145
15.722993850708008,5.115221023559570,0.057046715170145
15.738674163818359,5.115221023559570,0.057046715170145
15.754276275634766,5.134584426879883,0.052752010524273
15.769920349121094,5.134584426879883,0.052752010524273
15.785503387451172,5.134584426879883,0.052752010524273
15.807725906372070,5.134584426879883,0.052752010524273
15.823314666748047,5.155061721801758,0.050992328673601
15.838975906372070,5.155061721801758,0.050992328673601
15.854598999023438,5.155061721801758,0.050992328673601
15.870199203491211,5.155061721801758,0.050992328673601
15.885847091674805,5.176764488220215,0.053985893726349
15.908069610595703,5.176764488220215,0.053985893726349
15.923641204833984,5.176764488220215,0.053985893726349
15.939268112182617,5.176764488220215,0.053985893726349
15.954936981201172,5.197052001953125,0.060061179101467
15.970541000366211,5.197052001953125,0.060061179101467
15.986139297485352,5.197052001953125,0.060061179101467
16.008352279663086,5.197052001953125,0.060061179101467
16.023975372314453,5.216625213623047,0.066953584551811
16.039548873901367,5.216625213623047,0.066953584551811
16.055223464965820,5.216625213623047,0.066953584551811
16.070789337158203,5.216625213623047,0.066953584551811
16.086473464965820,5.236408233642578,0.072704650461674
16.108697891235352,5.236408233642578,0.072704650461674
16.124330520629883,5.236408233642578,0.072704650461674
16.139890670776367,5.236408233642578,0.072704650461674
16.155582427978516,5.255520343780518,0.073918990790844
16.171203613281250,5.255520343780518,0.073918990790844
16.186822891235352,5.255520343780518,0.073918990790844
16.209028244018555,5.255520343780518,0.073918990790844
16.224636077880859,5.275612831115723,0.074166223406792
16.240285873413086,5.275612831115723,0.074166223406792
16.255926132202148,5.275612831115723,0.074166223406792
16.271507263183594,5.275612831115723,0.074166223406792
16.287118911743164,5.300754547119141,0.073024004697800
16.309284210205078,5.300754547119141,0.073024004697800
16.324924468994141,5.300754547119141,0.073024004697800
16.340591430664062,5.300754547119141,0.073024004697800
16.356161117553711,5.327152252197266,0.071709759533405
16.371795654296875,5.327152252197266,0.071709759533405
16.387407302856445,5.327152252197266,0.071709759533405
16.409641265869141,5.327152252197266,0.071709759533405
16.425264358520508,5.350894927978516,0.070667631924152
16.440887451171875,5.350894927978516,0.070667631924152
16.456460952758789,5.350894927978516,0.070667631924152
16.472135543823242,5.350894927978516,0.070667631924152
16.487735748291016,5.372772216796875,0.066387638449669
16.509965896606445,5.372772216796875,0.066387638449669
16.525566101074219,5.372772216796875,0.066387638449669
16.541170120239258,5.372772216796875,0.066387638449669
16.556838989257812,5.393700599670410,0.058647219091654
16.572462081909180,5.393700599670410,0.058647219091654
16.588087081909180,5.393700599670410,0.058647219091654
16.610321044921875,5.413759231567383,0.052998691797256
16.625923156738281,5.413759231567383,0.052998691797256
16.641517639160156,5.413759231567383,0.052998691797256
16.657140731811523,5.413759231567383,0.052998691797256
16.672754287719727,5.413759231567383,0.052998691797256
16.688394546508789,5.430888175964355,0.047687299549580
16.710626602172852,5.430888175964355,0.047687299549580
16.726251602172852,5.430888175964355,0.047687299549580
16.741823196411133,5.430888175964355,0.047687299549580
16.757497787475586,5.449051856994629,0.038909099996090
16.773061752319336,5.449051856994629,0.038909099996090
16.788700103759766,5.449051856994629,0.038909099996090
16.810913085937500,5.449051856994629,0.038909099996090
16.826539993286133,5.467879295349121,0.034272339195013
16.842119216918945,5.467879295349121,0.034272339195013
16.857742309570312,5.467879295349121,0.034272339195013
16.873392105102539,5.467879295349121,0.034272339195013
16.888986587524414,5.489130020141602,0.040765412151814
16.911148071289062,5.489130020141602,0.040765412151814
16.926792144775391,5.489130020141602,0.040765412151814
16.942399978637695,5.489130020141602,0.040765412151814
16.958040237426758,5.508875370025635,0.051601711660624
16.973709106445312,5.508875370025635,0.051601711660624
16.989280700683594,5.508875370025635,0.051601711660624
17.011484146118164,5.508875370025635,0.051601711660624
17.027133941650391,5.526961326599121,0.062071263790131
17.042694091796875,5.526961326599121,0.062071263790131
17.058382034301758,5.526961326599121,0.062071263790131
17.074007034301758,5.526961326599121,0.062071263790131
17.089603424072266,5.546916007995605,0.069987185299397
17.111789703369141,5.546916007995605,0.069987185299397
17.127458572387695,5.546916007995605,0.069987185299397
17.143037796020508,5.564853668212891,0.077128820121288
17.158638000488281,5.564853668212891,0.077128820121288
17.174331665039062,5.564853668212891,0.077128820121288
17.189933776855469,5.564853668212891,0.077128820121288
17.212146759033203,5.583482742309570,0.084960959851742
17.227745056152344,5.583482742309570,0.084960959851742
17.243392944335938,5.583482742309570,0.084960959851742
17.258955001831055,5.583482742309570,0.084960959851742
17.274599075317383,5.583482742309570,0.084960959851742
17.290266036987305,5.605325698852539,0.091966196894646
17.312494277954102,5.605325698852539,0.091966196894646
17.328073501586914,5.605325698852539,0.091966196894646
17.343744277954102,5.629075050354004,0.096450656652451
17.359369277954102,5.629075050354004,0.096450656652451
17.374963760375977,5.629075050354004,0.096450656652451
17.412780761718750,5.629075050354004,0.096450656652451
17.428464889526367,5.629075050354004,0.096450656652451
17.444074630737305,5.650739192962646,0.100201375782490
17.459712982177734,5.650739192962646,0.100201375782490
17.475271224975586,5.650739192962646,0.100201375782490
17.490961074829102,5.670961380004883,0.098974801599979
17.513166427612305,5.670961380004883,0.098974801599979
17.528791427612305,5.670961380004883,0.098974801599979
17.544351577758789,5.670961380004883,0.098974801599979
17.559993743896484,5.691522121429443,0.094001106917858
17.575616836547852,5.691522121429443,0.094001106917858
17.591287612915039,5.691522121429443,0.094001106917858
17.613494873046875,5.710959911346436,0.087537027895451
17.629146575927734,5.710959911346436,0.087537027895451
17.644706726074219,5.710959911346436,0.087537027895451
17.660348892211914,5.710959911346436,0.087537027895451
17.675973892211914,5.710959911346436,0.087537027895451
17.691617965698242,5.710959911346436,0.087537027895451
17.713779449462891,5.730473041534424,0.081344351172447
17.729421615600586,5.730473041534424,0.081344351172447
17.745046615600586,5.730473041534424,0.081344351172447
17.760690689086914,5.748711585998535,0.074720270931721
17.776294708251953,5.748711585998535,0.074720270931721
17.791913986206055,5.748711585998535,0.074720270931721
17.814138412475586,5.765796661376953,0.067975245416164
17.829736709594727,5.765796661376953,0.067975245416164
17.845336914062500,5.765796661376953,0.067975245416164
17.860948562622070,5.765796661376953,0.067975245416164
17.876590728759766,5.765796661376953,0.067975245416164
17.892263412475586,5.784635543823242,0.066278226673603
17.914489746093750,5.784635543823242,0.066278226673603
17.930049896240234,5.784635543823242,0.066278226673603
17.945739746093750,5.784635543823242,0.066278226673603
17.961360931396484,5.801930904388428,0.068707048892975
17.976934432983398,5.801930904388428,0.068707048892975
17.992609024047852,5.801930904388428,0.068707048892975
18.014806747436523,5.801930904388428,0.068707048892975
18.030458450317383,5.819801330566406,0.074780307710171
